testData_new.grd
DSAA
100 80
0 1
0 0.8
-0.0019297764379892 0.66435188465246
[rows 0 to 31 of 80, columns 0 to 70 of 100]
-1.688e-14 0.001701 0.003612 0.005733 0.008059 0.01058 0.0133 0.01621 0.01929 0.02254 0.02595 0.02953 0.03325 0.03712 0.04114 0.04528 0.04955 0.05394 0.05845 0.06305 0.06775 0.07253 0.07737 0.08228 0.08723 0.0922 0.09719 0.1022 0.1071 0.1121 0.1169 0.1217 0.1265 0.1311 0.1355 0.1399 0.1441 0.1481 0.1519 0.1555 0.159 0.1622 0.1651 0.1679 0.1703 0.1725 0.1745 0.1762 0.1776 0.1787 0.1796 0.1802 0.1805 0.1805 0.1803 0.1798 0.179 0.178 0.1767 0.1752 0.1734 0.1713 0.1691 0.1666 0.1639 0.161 0.1579 0.1546 0.1511 0.1475 0.1437
0.001848 0.003554 0.005474 0.007605 0.009946 0.01249 0.01523 0.01817 0.02128 0.02458 0.02804 0.03168 0.03547 0.03942 0.04351 0.04775 0.05213 0.05664 0.06127 0.06601 0.07085 0.07578 0.08079 0.08587 0.09099 0.09615 0.1013 0.1065 0.1117 0.1168 0.1219 0.1269 0.1318 0.1366 0.1412 0.1457 0.1501 0.1543 0.1583 0.162 0.1656 0.1689 0.172 0.1748 0.1774 0.1797 0.1817 0.1834 0.1849 0.186 0.1869 0.1875 0.1878 0.1878 0.1875 0.1869 0.1861 0.185 0.1836 0.182 0.1801 0.178 0.1756 0.173 0.1702 0.1672 0.1639 0.1605 0.1569 0.1531 0.1491
0.003824 0.005533 0.007456 0.009593 0.01194 0.0145 0.01726 0.02021 0.02336 0.02669 0.0302 0.03389 0.03774 0.04176 0.04594 0.05028 0.05476 0.05938 0.06414 0.06901 0.074 0.0791 0.08427 0.08953 0.09483 0.1002 0.1056 0.1109 0.1163 0.1216 0.1269 0.1321 0.1372 0.1422 0.1471 0.1518 0.1563 0.1607 0.1648 0.1687 0.1724 0.1759 0.1791 0.182 0.1846 0.187 0.1891 0.1908 0.1923 0.1935 0.1944 0.195 0.1952 0.1952 0.1949 0.1943 0.1934 0.1922 0.1908 0.189 0.1871 0.1848 0.1823 0.1796 0.1766 0.1735 0.1701 0.1665 0.1627 0.1588 0.1546
0.005927 0.007635 0.009558 0.0117 0.01405 0.01661 0.01938 0.02235 0.02552 0.02888 0.03243 0.03616 0.04007 0.04416 0.04842 0.05285 0.05743 0.06217 0.06705 0.07207 0.07721 0.08247 0.08782 0.09325 0.09875 0.1043 0.1099 0.1155 0.121 0.1266 0.1321 0.1375 0.1428 0.148 0.1531 0.158 0.1627 0.1672 0.1715 0.1756 0.1794 0.183 0.1863 0.1894 0.1921 0.1945 0.1967 0.1985 0.2 0.2012 0.2021 0.2027 0.2029 0.2029 0.2025 0.2018 0.2009 0.1996 0.1981 0.1962 0.1942 0.1918 0.1892 0.1863 0.1832 0.1799 0.1764 0.1726 0.1687 0.1645 0.1602
0.008152 0.009856 0.01177 0.01391 0.01625 0.01882 0.02159 0.02457 0.02775 0.03114 0.03472 0.03849 0.04246 0.04661 0.05095 0.05546 0.06015 0.065 0.07001 0.07517 0.08047 0.08589 0.09142 0.09704 0.1027 0.1085 0.1143 0.1201 0.1259 0.1317 0.1374 0.143 0.1486 0.154 0.1593 0.1644 0.1693 0.174 0.1785 0.1827 0.1867 0.1904 0.1938 0.197 0.1998 0.2023 0.2045 0.2064 0.2079 0.2091 0.21 0.2106 0.2108 0.2107 0.2103 0.2096 0.2085 0.2072 0.2056 0.2036 0.2014 0.1989 0.1962 0.1932 0.1899 0.1865 0.1828 0.1789 0.1747 0.1704 0.166
0.01049 0.01219 0.0141 0.01622 0.01856 0.02112 0.02389 0.02687 0.03006 0.03346 0.03707 0.04088 0.04489 0.04911 0.05352 0.05812 0.06291 0.06788 0.07302 0.07832 0.08378 0.08937 0.09508 0.1009 0.1068 0.1128 0.1188 0.1248 0.1309 0.1369 0.1428 0.1487 0.1545 0.1601 0.1656 0.1709 0.1761 0.181 0.1856 0.19 0.1942 0.198 0.2016 0.2048 0.2077 0.2103 0.2126 0.2145 0.2161 0.2173 0.2182 0.2187 0.2189 0.2188 0.2183 0.2175 0.2164 0.215 0.2132 0.2112 0.2088 0.2062 0.2033 0.2002 0.1968 0.1932 0.1893 0.1852 0.1809 0.1764 0.1718
0.01294 0.01463 0.01652 0.01863 0.02096 0.0235 0.02626 0.02924 0.03244 0.03585 0.03948 0.04332 0.04738 0.05165 0.05613 0.06081 0.0657 0.07079 0.07606 0.08151 0.08713 0.0929 0.09881 0.1048 0.111 0.1172 0.1234 0.1297 0.136 0.1422 0.1484 0.1545 0.1606 0.1664 0.1722 0.1777 0.1831 0.1882 0.193 0.1976 0.2019 0.2059 0.2096 0.2129 0.2159 0.2186 0.2209 0.2229 0.2245 0.2257 0.2266 0.2271 0.2273 0.2271 0.2266 0.2257 0.2245 0.2229 0.2211 0.2189 0.2165 0.2137 0.2107 0.2074 0.2038 0.2 0.196 0.1917 0.1872 0.1825 0.1777
0.01549 0.01716 0.01904 0.02114 0.02344 0.02597 0.02872 0.03169 0.03488 0.0383 0.04194 0.04581 0.04991 0.05423 0.05878 0.06355 0.06853 0.07373 0.07914 0.08474 0.09053 0.09648 0.1026 0.1088 0.1152 0.1216 0.1281 0.1346 0.1412 0.1477 0.1542 0.1605 0.1668 0.173 0.1789 0.1847 0.1903 0.1956 0.2006 0.2054 0.2099 0.214 0.2178 0.2213 0.2244 0.2271 0.2295 0.2315 0.2331 0.2344 0.2352 0.2357 0.2359 0.2356 0.235 0.2341 0.2328 0.2311 0.2291 0.2268 0.2242 0.2213 0.2181 0.2147 0.2109 0.207 0.2027 0.1983 0.1936 0.1887 0.1837
0.01814 0.01979 0.02165 0.02373 0.02601 0.02852 0.03125 0.0342 0.03739 0.04081 0.04446 0.04835 0.05248 0.05685 0.06146 0.06631 0.0714 0.07671 0.08226 0.08801 0.09397 0.1001 0.1064 0.1129 0.1195 0.1262 0.1329 0.1397 0.1465 0.1533 0.1601 0.1667 0.1733 0.1797 0.1859 0.1919 0.1977 0.2032 0.2085 0.2134 0.2181 0.2224 0.2263 0.2299 0.2331 0.2359 0.2383 0.2404 0.242 0.2433 0.2441 0.2446 0.2447 0.2444 0.2437 0.2426 0.2412 0.2395 0.2374 0.2349 0.2322 0.2291 0.2258 0.2221 0.2182 0.2141 0.2096 0.205 0.2001 0.1951 0.1898
0.02088 0.02252 0.02435 0.0264 0.02866 0.03114 0.03385 0.03679 0.03996 0.04337 0.04703 0.05094 0.0551 0.05951 0.06418 0.06911 0.07429 0.07973 0.0854 0.09132 0.09745 0.1038 0.1103 0.117 0.1238 0.1308 0.1378 0.1449 0.152 0.1591 0.1661 0.1731 0.1799 0.1866 0.1931 0.1993 0.2054 0.2111 0.2166 0.2217 0.2266 0.231 0.2351 0.2388 0.2421 0.245 0.2475 0.2495 0.2512 0.2524 0.2533 0.2537 0.2537 0.2534 0.2526 0.2514 0.2499 0.248 0.2458 0.2432 0.2403 0.2371 0.2336 0.2298 0.2257 0.2213 0.2167 0.2118 0.2067 0.2015 0.196
0.02371 0.02533 0.02714 0.02916 0.03139 0.03384 0.03652 0.03943 0.04259 0.04599 0.04965 0.05357 0.05775 0.06221 0.06694 0.07194 0.07722 0.08277 0.08859 0.09466 0.101 0.1075 0.1143 0.1212 0.1283 0.1355 0.1428 0.1502 0.1576 0.165 0.1723 0.1796 0.1867 0.1937 0.2005 0.207 0.2133 0.2193 0.225 0.2303 0.2353 0.2399 0.2441 0.248 0.2513 0.2543 0.2569 0.259 0.2606 0.2619 0.2627 0.2631 0.263 0.2626 0.2617 0.2605 0.2588 0.2568 0.2544 0.2517 0.2486 0.2452 0.2415 0.2375 0.2332 0.2287 0.2238 0.2188 0.2135 0.208 0.2023
0.02663 0.02822 0.03001 0.032 0.0342 0.03662 0.03926 0.04215 0.04528 0.04867 0.05232 0.05625 0.06045 0.06494 0.06973 0.0748 0.08018 0.08585 0.0918 0.09804 0.1045 0.1113 0.1183 0.1255 0.1328 0.1404 0.148 0.1557 0.1634 0.1711 0.1788 0.1863 0.1938 0.201 0.2081 0.2149 0.2215 0.2277 0.2336 0.2392 0.2444 0.2491 0.2535 0.2574 0.2609 0.2639 0.2665 0.2687 0.2703 0.2716 0.2723 0.2727 0.2726 0.272 0.2711 0.2697 0.2679 0.2658 0.2632 0.2603 0.2571 0.2535 0.2496 0.2454 0.2409 0.2361 0.2311 0.2258 0.2203 0.2146 0.2086
0.02965 0.03121 0.03297 0.03492 0.03709 0.03947 0.04208 0.04494 0.04804 0.05141 0.05505 0.05898 0.0632 0.06772 0.07255 0.0777 0.08317 0.08895 0.09506 0.1015 0.1082 0.1151 0.1224 0.1298 0.1375 0.1453 0.1532 0.1612 0.1693 0.1774 0.1854 0.1933 0.201 0.2086 0.216 0.2231 0.2299 0.2364 0.2426 0.2483 0.2537 0.2586 0.2631 0.2672 0.2708 0.2739 0.2765 0.2787 0.2803 0.2815 0.2823 0.2825 0.2824 0.2817 0.2806 0.2792 0.2772 0.2749 0.2722 0.2692 0.2657 0.262 0.2579 0.2535 0.2488 0.2438 0.2385 0.233 0.2272 0.2213 0.2151
0.03276 0.0343 0.03602 0.03794 0.04006 0.04241 0.04498 0.0478 0.05088 0.05422 0.05785 0.06177 0.066 0.07054 0.07542 0.08064 0.0862 0.0921 0.09835 0.1049 0.1118 0.119 0.1265 0.1343 0.1422 0.1503 0.1586 0.167 0.1754 0.1838 0.1922 0.2004 0.2085 0.2165 0.2241 0.2316 0.2387 0.2454 0.2518 0.2578 0.2634 0.2685 0.2731 0.2773 0.2809 0.2841 0.2868 0.2889 0.2906 0.2918 0.2925 0.2927 0.2924 0.2917 0.2905 0.2888 0.2868 0.2843 0.2814 0.2782 0.2746 0.2706 0.2663 0.2617 0.2567 0.2515 0.246 0.2403 0.2343 0.228 0.2216
0.03597 0.03748 0.03917 0.04105 0.04314 0.04544 0.04797 0.05075 0.05379 0.0571 0.06071 0.06462 0.06885 0.07342 0.07834 0.08362 0.08927 0.09529 0.1017 0.1084 0.1155 0.123 0.1307 0.1388 0.147 0.1555 0.1641 0.1729 0.1816 0.1904 0.1992 0.2078 0.2163 0.2245 0.2326 0.2403 0.2477 0.2548 0.2614 0.2676 0.2733 0.2786 0.2834 0.2877 0.2914 0.2946 0.2973 0.2995 0.3012 0.3023 0.3029 0.303 0.3027 0.3018 0.3005 0.2987 0.2965 0.2939 0.2908 0.2874 0.2836 0.2794 0.2748 0.27 0.2648 0.2594 0.2536 0.2476 0.2414 0.2349 0.2282
0.03929 0.04077 0.04243 0.04427 0.04631 0.04857 0.05106 0.0538 0.0568 0.06007 0.06365 0.06755 0.07178 0.07637 0.08132 0.08666 0.0924 0.09854 0.1051 0.112 0.1193 0.127 0.1351 0.1434 0.152 0.1608 0.1698 0.1789 0.1881 0.1973 0.2064 0.2154 0.2243 0.2329 0.2413 0.2494 0.2571 0.2644 0.2713 0.2777 0.2836 0.2891 0.294 0.2984 0.3022 0.3055 0.3082 0.3104 0.312 0.3131 0.3137 0.3137 0.3132 0.3122 0.3108 0.3088 0.3064 0.3036 0.3004 0.2967 0.2927 0.2883 0.2835 0.2785 0.2731 0.2674 0.2614 0.2551 0.2486 0.2419 0.2349
0.04273 0.04418 0.0458 0.0476 0.0496 0.05182 0.05426 0.05695 0.05991 0.06315 0.06669 0.07057 0.07479 0.07939 0.08438 0.08977 0.0956 0.1018 0.1085 0.1157 0.1232 0.1311 0.1395 0.1481 0.1571 0.1663 0.1756 0.1852 0.1947 0.2043 0.2139 0.2233 0.2326 0.2416 0.2503 0.2587 0.2667 0.2743 0.2815 0.2881 0.2943 0.2999 0.3049 0.3094 0.3133 0.3167 0.3194 0.3216 0.3232 0.3242 0.3247 0.3246 0.324 0.3229 0.3213 0.3192 0.3166 0.3136 0.3101 0.3063 0.302 0.2974 0.2924 0.2871 0.2814 0.2754 0.2692 0.2627 0.2559 0.2489 0.2417
0.04628 0.04771 0.0493 0.05106 0.05302 0.05519 0.05759 0.06023 0.06314 0.06634 0.06985 0.0737 0.07791 0.08251 0.08753 0.09297 0.09888 0.1052 0.1121 0.1194 0.1272 0.1354 0.144 0.153 0.1623 0.1719 0.1817 0.1916 0.2016 0.2116 0.2216 0.2315 0.2411 0.2505 0.2597 0.2684 0.2768 0.2847 0.2921 0.299 0.3053 0.3111 0.3162 0.3208 0.3248 0.3282 0.3309 0.3331 0.3346 0.3356 0.3359 0.3358 0.335 0.3337 0.332 0.3297 0.3269 0.3237 0.32 0.3159 0.3115 0.3066 0.3013 0.2958 0.2899 0.2836 0.2771 0.2703 0.2633 0.256 0.2485
0.04997 0.05137 0.05293 0.05466 0.05658 0.05871 0.06106 0.06365 0.06651 0.06966 0.07314 0.07696 0.08115 0.08575 0.09079 0.09629 0.1023 0.1087 0.1157 0.1232 0.1312 0.1397 0.1486 0.158 0.1677 0.1777 0.1879 0.1983 0.2087 0.2192 0.2296 0.2399 0.25 0.2598 0.2693 0.2784 0.2871 0.2953 0.303 0.3101 0.3167 0.3226 0.3279 0.3326 0.3366 0.34 0.3427 0.3449 0.3463 0.3472 0.3475 0.3472 0.3463 0.3448 0.3429 0.3404 0.3374 0.334 0.3301 0.3258 0.321 0.3159 0.3104 0.3046 0.2984 0.2919 0.2851 0.2781 0.2707 0.2632 0.2554
0.05381 0.05519 0.05672 0.05842 0.0603 0.06238 0.06469 0.06723 0.07005 0.07315 0.07658 0.08037 0.08455 0.08914 0.0942 0.09974 0.1058 0.1124 0.1195 0.1272 0.1354 0.1442 0.1535 0.1632 0.1733 0.1837 0.1943 0.2052 0.2161 0.2271 0.238 0.2487 0.2592 0.2695 0.2794 0.2888 0.2979 0.3064 0.3143 0.3216 0.3284 0.3345 0.3399 0.3447 0.3487 0.3521 0.3549 0.3569 0.3584 0.3591 0.3593 0.3588 0.3578 0.3562 0.354 0.3513 0.3481 0.3445 0.3403 0.3358 0.3308 0.3254 0.3196 0.3135 0.3071 0.3003 0.2932 0.2859 0.2783 0.2704 0.2623
0.0578 0.05916 0.06067 0.06234 0.06419 0.06624 0.0685 0.071 0.07377 0.07683 0.08022 0.08397 0.08813 0.09272 0.09778 0.1034 0.1095 0.1162 0.1235 0.1314 0.1398 0.1489 0.1585 0.1686 0.1791 0.1899 0.2011 0.2124 0.2238 0.2352 0.2466 0.2578 0.2688 0.2795 0.2898 0.2996 0.309 0.3178 0.326 0.3336 0.3405 0.3467 0.3523 0.3571 0.3612 0.3646 0.3673 0.3693 0.3707 0.3713 0.3713 0.3707 0.3695 0.3677 0.3653 0.3624 0.359 0.3551 0.3507 0.3459 0.3406 0.335 0.3289 0.3225 0.3158 0.3088 0.3014 0.2938 0.2859 0.2777 0.2693
0.06195 0.06331 0.0648 0.06645 0.06828 0.07029 0.07252 0.07498 0.0777 0.08073 0.08408 0.0878 0.09193 0.09651 0.1016 0.1072 0.1134 0.1202 0.1276 0.1357 0.1445 0.1538 0.1637 0.1742 0.1851 0.1964 0.2081 0.2199 0.2318 0.2437 0.2556 0.2673 0.2787 0.2898 0.3005 0.3108 0.3205 0.3296 0.338 0.3458 0.3529 0.3593 0.365 0.3699 0.374 0.3774 0.3801 0.382 0.3832 0.3837 0.3836 0.3828 0.3814 0.3794 0.3768 0.3736 0.37 0.3658 0.3612 0.3561 0.3506 0.3446 0.3383 0.3316 0.3246 0.3173 0.3096 0.3017 0.2935 0.285 0.2764
0.06628 0.06764 0.06912 0.07076 0.07257 0.07456 0.07676 0.07919 0.08188 0.08487 0.08819 0.09188 0.09599 0.1006 0.1057 0.1113 0.1176 0.1245 0.1321 0.1404 0.1493 0.159 0.1693 0.1801 0.1915 0.2033 0.2154 0.2277 0.2401 0.2526 0.2649 0.2771 0.289 0.3006 0.3117 0.3223 0.3323 0.3417 0.3505 0.3585 0.3658 0.3723 0.378 0.383 0.3871 0.3905 0.3931 0.3949 0.396 0.3964 0.3961 0.3951 0.3935 0.3912 0.3884 0.385 0.3811 0.3767 0.3718 0.3664 0.3606 0.3544 0.3478 0.3408 0.3335 0.3259 0.3179 0.3097 0.3012 0.2924 0.2834
0.0708 0.07216 0.07365 0.07529 0.07709 0.07907 0.08125 0.08366 0.08633 0.0893 0.09259 0.09626 0.1004 0.1049 0.11 0.1157 0.1221 0.1291 0.1368 0.1453 0.1546 0.1645 0.1752 0.1864 0.1982 0.2105 0.2231 0.2359 0.2489 0.2618 0.2747 0.2874 0.2997 0.3117 0.3232 0.3342 0.3446 0.3543 0.3633 0.3715 0.379 0.3856 0.3914 0.3964 0.4006 0.4039 0.4064 0.4081 0.4091 0.4093 0.4088 0.4076 0.4057 0.4033 0.4002 0.3966 0.3924 0.3877 0.3825 0.3768 0.3707 0.3642 0.3573 0.3501 0.3424 0.3345 0.3262 0.3177 0.3089 0.2998 0.2905
0.07551 0.07689 0.0784 0.08005 0.08186 0.08384 0.08602 0.08842 0.09108 0.09404 0.09732 0.101 0.1051 0.1097 0.1148 0.1205 0.1269 0.1341 0.142 0.1507 0.1602 0.1704 0.1814 0.1931 0.2054 0.2181 0.2312 0.2445 0.258 0.2715 0.2848 0.298 0.3108 0.3233 0.3352 0.3466 0.3573 0.3673 0.3765 0.3849 0.3926 0.3993 0.4052 0.4102 0.4143 0.4175 0.42 0.4215 0.4223 0.4224 0.4217 0.4202 0.4182 0.4154 0.4121 0.4082 0.4037 0.3987 0.3933 0.3873 0.3809 0.3741 0.3669 0.3593 0.3514 0.3432 0.3346 0.3257 0.3166 0.3072 0.2976
0.08042 0.08184 0.08338 0.08505 0.08688 0.08888 0.09108 0.09349 0.09616 0.09912 0.1024 0.1061 0.1102 0.1148 0.12 0.1258 0.1323 0.1395 0.1476 0.1565 0.1662 0.1768 0.1882 0.2003 0.213 0.2262 0.2398 0.2536 0.2676 0.2815 0.2954 0.309 0.3223 0.3352 0.3475 0.3593 0.3703 0.3806 0.3901 0.3987 0.4064 0.4133 0.4192 0.4242 0.4283 0.4314 0.4337 0.4352 0.4358 0.4356 0.4347 0.433 0.4307 0.4277 0.4241 0.4199 0.4151 0.4099 0.4041 0.3978 0.3911 0.384 0.3765 0.3686 0.3604 0.3518 0.343 0.3338 0.3244 0.3147 0.3047
0.08554 0.087 0.08859 0.09031 0.09218 0.09421 0.09644 0.09889 0.1016 0.1046 0.1079 0.1116 0.1157 0.1204 0.1256 0.1315 0.1381 0.1455 0.1537 0.1628 0.1729 0.1837 0.1955 0.2079 0.2211 0.2347 0.2488 0.2631 0.2776 0.292 0.3064 0.3205 0.3342 0.3475 0.3602 0.3723 0.3837 0.3942 0.404 0.4128 0.4206 0.4275 0.4335 0.4385 0.4425 0.4455 0.4477 0.449 0.4494 0.449 0.4478 0.4459 0.4433 0.44 0.4361 0.4316 0.4266 0.421 0.4149 0.4084 0.4014 0.394 0.3862 0.378 0.3694 0.3605 0.3513 0.3419 0.3321 0.3221 0.3119
0.09087 0.09239 0.09404 0.09582 0.09775 0.09985 0.1021 0.1046 0.1074 0.1104 0.1138 0.1176 0.1218 0.1265 0.1318 0.1378 0.1445 0.152 0.1605 0.1698 0.1801 0.1913 0.2033 0.2162 0.2297 0.2438 0.2583 0.2731 0.2881 0.303 0.3178 0.3323 0.3465 0.3602 0.3733 0.3857 0.3974 0.4082 0.4181 0.4271 0.4351 0.4421 0.448 0.4529 0.4569 0.4598 0.4618 0.4629 0.4631 0.4624 0.461 0.4588 0.4559 0.4524 0.4482 0.4434 0.4381 0.4322 0.4258 0.4189 0.4116 0.4039 0.3958 0.3873 0.3784 0.3692 0.3597 0.3499 0.3398 0.3295 0.319
0.0964 0.09801 0.09974 0.1016 0.1036 0.1058 0.1082 0.1107 0.1136 0.1167 0.1202 0.124 0.1283 0.1332 0.1386 0.1447 0.1515 0.1592 0.1679 0.1774 0.188 0.1995 0.2119 0.2251 0.239 0.2535 0.2684 0.2836 0.299 0.3143 0.3296 0.3445 0.3591 0.3732 0.3867 0.3994 0.4114 0.4225 0.4326 0.4417 0.4498 0.4568 0.4627 0.4676 0.4714 0.4742 0.476 0.4769 0.4768 0.4759 0.4742 0.4718 0.4686 0.4647 0.4603 0.4552 0.4495 0.4433 0.4366 0.4295 0.4219 0.4138 0.4054 0.3966 0.3874 0.3779 0.3681 0.3579 0.3476 0.3369 0.326
0.1022 0.1039 0.1057 0.1076 0.1098 0.112 0.1145 0.1172 0.1202 0.1234 0.127 0.131 0.1354 0.1404 0.1459 0.1522 0.1592 0.1671 0.176 0.1858 0.1965 0.2083 0.221 0.2346 0.2488 0.2637 0.279 0.2946 0.3104 0.3261 0.3417 0.3571 0.3721 0.3865 0.4003 0.4134 0.4256 0.4369 0.4472 0.4565 0.4646 0.4717 0.4776 0.4823 0.486 0.4887 0.4903 0.4909 0.4906 0.4894 0.4874 0.4847 0.4812 0.4771 0.4723 0.4669 0.4609 0.4544 0.4474 0.4399 0.432 0.4237 0.4149 0.4058 0.3963 0.3865 0.3764 0.3659 0.3552 0.3443 0.3331
0.1081 0.1099 0.1119 0.1139 0.1162 0.1186 0.1212 0.124 0.1271 0.1305 0.1343 0.1384 0.143 0.1481 0.1539 0.1603 0.1676 0.1757 0.1847 0.1948 0.2058 0.2179 0.2309 0.2447 0.2593 0.2744 0.2901 0.306 0.3221 0.3382 0.3542 0.3699 0.3852 0.4 0.4141 0.4275 0.44 0.4515 0.462 0.4713 0.4795 0.4866 0.4924 0.4971 0.5007 0.5031 0.5045 0.5049 0.5043 0.5029 0.5006 0.4975 0.4937 0.4893 0.4842 0.4785 0.4722 0.4654 0.4581 0.4503 0.4421 0.4335 0.4244 0.415 0.4052 0.3951 0.3846 0.3739 0.3629 0.3516 0.3401
0.1143 0.1162 0.1183 0.1205 0.1229 0.1254 0.1282 0.1312 0.1345 0.138 0.142 0.1463 0.1511 0.1564 0.1624 0.1691 0.1766 0.1849 0.1942 0.2045 0.2158 0.2281 0.2413 0.2554 0.2702 0.2857 0.3016 0.3178 0.3342 0.3506 0.3669 0.383 0.3986 0.4137 0.4281 0.4417 0.4544 0.4661 0.4768 0.4862 0.4945 0.5015 0.5073 0.5118 0.5152 0.5174 0.5186 0.5187 0.5179 0.5161 0.5136 0.5102 0.5061 0.5014 0.496 0.49 0.4834 0.4763 0.4687 0.4606 0.4521 0.4431 0.4338 0.4241 0.414 0.4035 0.3928 0.3818 0.3704 0.3589 0.3471
