testData_new.grd
DSAA
100 80
0 1
0 0.8
-0.0019297764379892 0.66435188465246
[rows 32 to 63 of 80, columns 0 to 70 of 100]
0.1206 0.1227 0.1249 0.1273 0.1298 0.1326 0.1355 0.1387 0.1422 0.1459 0.1501 0.1546 0.1597 0.1653 0.1715 0.1784 0.1862 0.1948 0.2043 0.2148 0.2264 0.2389 0.2523 0.2666 0.2817 0.2973 0.3135 0.3299 0.3466 0.3633 0.3798 0.3961 0.412 0.4274 0.442 0.4559 0.4688 0.4807 0.4915 0.501 0.5093 0.5163 0.522 0.5264 0.5296 0.5316 0.5325 0.5323 0.5312 0.5292 0.5263 0.5227 0.5183 0.5132 0.5076 0.5013 0.4944 0.487 0.4791 0.4708 0.462 0.4527 0.4431 0.433 0.4227 0.4119 0.4009 0.3896 0.3779 0.3661 0.3539
0.1271 0.1294 0.1317 0.1343 0.137 0.1399 0.1431 0.1465 0.1502 0.1542 0.1586 0.1634 0.1687 0.1745 0.181 0.1883 0.1963 0.2051 0.2149 0.2257 0.2374 0.2502 0.2638 0.2783 0.2935 0.3093 0.3256 0.3423 0.3591 0.376 0.3928 0.4093 0.4254 0.441 0.4559 0.47 0.4831 0.4951 0.506 0.5156 0.5238 0.5308 0.5364 0.5406 0.5437 0.5454 0.5461 0.5457 0.5443 0.542 0.5388 0.5349 0.5302 0.5249 0.5189 0.5123 0.5052 0.4975 0.4894 0.4807 0.4716 0.4621 0.4522 0.4419 0.4312 0.4202 0.4089 0.3972 0.3853 0.3732 0.3607
0.1338 0.1362 0.1388 0.1415 0.1444 0.1476 0.1509 0.1545 0.1585 0.1627 0.1674 0.1725 0.1781 0.1842 0.191 0.1985 0.2068 0.2159 0.226 0.237 0.2489 0.2618 0.2756 0.2902 0.3056 0.3215 0.338 0.3547 0.3717 0.3887 0.4057 0.4224 0.4387 0.4545 0.4695 0.4838 0.497 0.5092 0.5201 0.5298 0.538 0.5449 0.5504 0.5545 0.5573 0.5589 0.5593 0.5586 0.557 0.5544 0.551 0.5468 0.5418 0.5362 0.53 0.5232 0.5158 0.5078 0.4994 0.4905 0.4812 0.4714 0.4612 0.4506 0.4397 0.4284 0.4167 0.4048 0.3926 0.3802 0.3675
0.1406 0.1432 0.1459 0.1489 0.152 0.1554 0.159 0.1628 0.167 0.1715 0.1765 0.1819 0.1877 0.1942 0.2013 0.2091 0.2177 0.2271 0.2374 0.2486 0.2607 0.2738 0.2877 0.3024 0.3178 0.3338 0.3503 0.3672 0.3843 0.4014 0.4184 0.4353 0.4517 0.4676 0.4828 0.4972 0.5106 0.5228 0.5338 0.5435 0.5517 0.5585 0.5639 0.5679 0.5705 0.5718 0.572 0.5711 0.5692 0.5664 0.5627 0.5582 0.5531 0.5472 0.5407 0.5337 0.526 0.5179 0.5092 0.5001 0.4905 0.4804 0.47 0.4591 0.4479 0.4364 0.4245 0.4123 0.3998 0.3871 0.3741
0.1475 0.1503 0.1532 0.1564 0.1597 0.1633 0.1672 0.1713 0.1757 0.1806 0.1858 0.1915 0.1976 0.2044 0.2118 0.2199 0.2287 0.2384 0.2489 0.2603 0.2726 0.2858 0.2998 0.3146 0.3301 0.3461 0.3627 0.3795 0.3966 0.4138 0.4309 0.4478 0.4643 0.4803 0.4956 0.5101 0.5235 0.5359 0.5469 0.5565 0.5647 0.5715 0.5767 0.5805 0.583 0.5841 0.5841 0.583 0.5809 0.5778 0.5739 0.5692 0.5639 0.5578 0.5511 0.5438 0.536 0.5276 0.5187 0.5094 0.4995 0.4893 0.4786 0.4675 0.456 0.4442 0.4321 0.4196 0.4068 0.3938 0.3805
0.1545 0.1575 0.1607 0.164 0.1676 0.1714 0.1755 0.1799 0.1846 0.1897 0.1952 0.2012 0.2077 0.2148 0.2224 0.2308 0.2399 0.2498 0.2606 0.2722 0.2846 0.2979 0.3119 0.3268 0.3422 0.3583 0.3748 0.3916 0.4087 0.4259 0.443 0.4599 0.4764 0.4924 0.5078 0.5223 0.5358 0.5481 0.5592 0.5688 0.5769 0.5836 0.5887 0.5924 0.5947 0.5957 0.5955 0.5942 0.5919 0.5886 0.5846 0.5797 0.5742 0.5679 0.5611 0.5536 0.5456 0.537 0.5279 0.5184 0.5083 0.4979 0.4869 0.4756 0.4639 0.4519 0.4395 0.4267 0.4137 0.4004 0.3869
0.1616 0.1648 0.1681 0.1717 0.1755 0.1796 0.184 0.1886 0.1936 0.199 0.2048 0.211 0.2178 0.2252 0.2331 0.2418 0.2511 0.2613 0.2722 0.2839 0.2965 0.3098 0.3239 0.3387 0.3542 0.3702 0.3866 0.4034 0.4204 0.4375 0.4545 0.4714 0.4879 0.5039 0.5192 0.5337 0.5472 0.5595 0.5705 0.5801 0.5882 0.5947 0.5998 0.6033 0.6055 0.6064 0.606 0.6046 0.6022 0.5988 0.5946 0.5896 0.5839 0.5775 0.5705 0.5629 0.5548 0.5461 0.5368 0.5271 0.5169 0.5062 0.4951 0.4835 0.4716 0.4593 0.4467 0.4337 0.4204 0.4069 0.3931
0.1687 0.1721 0.1757 0.1795 0.1835 0.1878 0.1924 0.1973 0.2026 0.2083 0.2143 0.2209 0.2279 0.2356 0.2438 0.2527 0.2623 0.2726 0.2837 0.2955 0.3082 0.3216 0.3357 0.3504 0.3658 0.3817 0.3981 0.4147 0.4316 0.4486 0.4655 0.4822 0.4986 0.5145 0.5298 0.5442 0.5576 0.5699 0.5808 0.5903 0.5983 0.6048 0.6098 0.6133 0.6154 0.6162 0.6157 0.6142 0.6117 0.6082 0.604 0.5989 0.5931 0.5866 0.5796 0.5718 0.5636 0.5547 0.5454 0.5355 0.5251 0.5142 0.5029 0.4912 0.4791 0.4666 0.4537 0.4405 0.427 0.4132 0.3991
0.1759 0.1795 0.1833 0.1873 0.1916 0.1961 0.2009 0.2061 0.2116 0.2175 0.2239 0.2307 0.238 0.2459 0.2544 0.2635 0.2733 0.2837 0.295 0.3069 0.3196 0.333 0.3471 0.3618 0.3771 0.3929 0.4091 0.4256 0.4423 0.4591 0.4758 0.4924 0.5086 0.5244 0.5395 0.5537 0.567 0.5792 0.59 0.5994 0.6074 0.6138 0.6187 0.6221 0.6242 0.6249 0.6245 0.6229 0.6204 0.6169 0.6126 0.6075 0.6017 0.5952 0.588 0.5803 0.5719 0.563 0.5535 0.5435 0.533 0.522 0.5105 0.4986 0.4863 0.4736 0.4605 0.4471 0.4333 0.4193 0.405
0.183 0.1868 0.1908 0.1951 0.1996 0.2043 0.2094 0.2148 0.2206 0.2267 0.2333 0.2404 0.2479 0.2561 0.2647 0.274 0.284 0.2946 0.3059 0.318 0.3307 0.344 0.3581 0.3727 0.3879 0.4035 0.4195 0.4358 0.4523 0.4689 0.4854 0.5017 0.5177 0.5333 0.5482 0.5622 0.5754 0.5873 0.5981 0.6074 0.6152 0.6216 0.6265 0.6299 0.6319 0.6327 0.6323 0.6308 0.6282 0.6248 0.6205 0.6155 0.6097 0.6032 0.596 0.5882 0.5798 0.5708 0.5613 0.5512 0.5406 0.5294 0.5178 0.5058 0.4933 0.4803 0.467 0.4534 0.4394 0.4252 0.4106
0.1902 0.1941 0.1983 0.2028 0.2075 0.2125 0.2178 0.2234 0.2294 0.2358 0.2426 0.2499 0.2577 0.266 0.2749 0.2844 0.2945 0.3052 0.3166 0.3286 0.3413 0.3547 0.3686 0.3831 0.3981 0.4135 0.4293 0.4454 0.4616 0.4779 0.4942 0.5103 0.526 0.5413 0.5559 0.5697 0.5826 0.5944 0.605 0.6142 0.6219 0.6282 0.6331 0.6365 0.6386 0.6395 0.6391 0.6377 0.6352 0.6319 0.6277 0.6227 0.617 0.6105 0.6034 0.5956 0.5873 0.5783 0.5687 0.5585 0.5478 0.5366 0.5248 0.5126 0.4999 0.4868 0.4733 0.4595 0.4453 0.4308 0.4161
0.1972 0.2014 0.2058 0.2105 0.2154 0.2206 0.2261 0.2319 0.2381 0.2448 0.2518 0.2593 0.2673 0.2757 0.2848 0.2944 0.3046 0.3154 0.3268 0.3389 0.3516 0.3648 0.3786 0.393 0.4078 0.423 0.4386 0.4544 0.4703 0.4863 0.5022 0.518 0.5334 0.5483 0.5626 0.5762 0.5888 0.6004 0.6108 0.6198 0.6275 0.6338 0.6386 0.6421 0.6443 0.6452 0.645 0.6437 0.6414 0.6382 0.6341 0.6293 0.6237 0.6173 0.6103 0.6026 0.5942 0.5852 0.5756 0.5654 0.5547 0.5433 0.5315 0.5191 0.5063 0.493 0.4794 0.4653 0.4509 0.4362 0.4213
0.2043 0.2086 0.2132 0.218 0.2231 0.2285 0.2342 0.2403 0.2467 0.2535 0.2607 0.2684 0.2765 0.2852 0.2944 0.3041 0.3144 0.3252 0.3367 0.3487 0.3613 0.3744 0.3881 0.4023 0.4169 0.4319 0.4471 0.4626 0.4782 0.4939 0.5095 0.5248 0.5399 0.5545 0.5685 0.5817 0.594 0.6054 0.6155 0.6244 0.632 0.6382 0.6431 0.6467 0.649 0.65 0.65 0.6489 0.6468 0.6437 0.6399 0.6352 0.6297 0.6235 0.6166 0.609 0.6007 0.5917 0.5822 0.572 0.5612 0.5498 0.5378 0.5254 0.5124 0.499 0.4851 0.4709 0.4563 0.4414 0.4262
0.2112 0.2157 0.2205 0.2255 0.2308 0.2363 0.2422 0.2485 0.2551 0.262 0.2694 0.2773 0.2855 0.2943 0.3036 0.3134 0.3237 0.3346 0.346 0.358 0.3705 0.3835 0.397 0.411 0.4254 0.4401 0.455 0.4702 0.4855 0.5008 0.5159 0.5309 0.5456 0.5598 0.5734 0.5863 0.5983 0.6094 0.6193 0.6281 0.6356 0.6418 0.6467 0.6503 0.6527 0.654 0.6541 0.6532 0.6513 0.6485 0.6449 0.6404 0.6351 0.6291 0.6223 0.6148 0.6067 0.5978 0.5883 0.5781 0.5673 0.5558 0.5438 0.5312 0.5181 0.5045 0.4905 0.4761 0.4613 0.4462 0.4308
0.218 0.2227 0.2276 0.2328 0.2383 0.244 0.2501 0.2564 0.2632 0.2703 0.2779 0.2858 0.2942 0.3031 0.3124 0.3223 0.3326 0.3435 0.3549 0.3668 0.3792 0.3921 0.4054 0.4191 0.4332 0.4476 0.4623 0.4771 0.492 0.5069 0.5217 0.5363 0.5505 0.5643 0.5775 0.5901 0.6018 0.6125 0.6222 0.6308 0.6382 0.6444 0.6494 0.6531 0.6557 0.6571 0.6574 0.6568 0.6551 0.6526 0.6492 0.6449 0.6399 0.6341 0.6275 0.6202 0.6121 0.6034 0.5939 0.5838 0.5729 0.5615 0.5494 0.5367 0.5235 0.5098 0.4956 0.481 0.466 0.4508 0.4352
0.2247 0.2296 0.2346 0.24 0.2456 0.2515 0.2577 0.2642 0.2711 0.2783 0.286 0.2941 0.3025 0.3115 0.3209 0.3308 0.3411 0.352 0.3633 0.3751 0.3873 0.4 0.4132 0.4267 0.4405 0.4546 0.4689 0.4833 0.4978 0.5123 0.5267 0.5409 0.5547 0.5681 0.5809 0.593 0.6044 0.6149 0.6244 0.6328 0.6401 0.6463 0.6513 0.6551 0.6578 0.6594 0.66 0.6596 0.6582 0.6559 0.6528 0.6488 0.644 0.6385 0.6321 0.625 0.6171 0.6085 0.5991 0.589 0.5782 0.5667 0.5546 0.5418 0.5285 0.5147 0.5003 0.4856 0.4704 0.4549 0.4392
0.2313 0.2363 0.2415 0.2469 0.2527 0.2587 0.265 0.2717 0.2787 0.2861 0.2938 0.302 0.3105 0.3195 0.3289 0.3388 0.3491 0.3599 0.3712 0.3828 0.395 0.4075 0.4204 0.4336 0.4471 0.4609 0.4748 0.4889 0.503 0.5171 0.531 0.5448 0.5582 0.5711 0.5836 0.5953 0.6064 0.6166 0.6258 0.6341 0.6413 0.6474 0.6524 0.6564 0.6592 0.6611 0.6619 0.6617 0.6606 0.6586 0.6558 0.6521 0.6476 0.6423 0.6362 0.6293 0.6216 0.6131 0.6038 0.5938 0.583 0.5716 0.5594 0.5465 0.5331 0.5191 0.5046 0.4897 0.4744 0.4587 0.4428
0.2377 0.2428 0.2481 0.2537 0.2596 0.2657 0.2722 0.279 0.2861 0.2935 0.3013 0.3095 0.3181 0.3272 0.3366 0.3464 0.3567 0.3674 0.3786 0.3901 0.402 0.4143 0.427 0.4399 0.4532 0.4666 0.4802 0.4939 0.5076 0.5212 0.5347 0.548 0.561 0.5736 0.5856 0.597 0.6077 0.6176 0.6266 0.6347 0.6418 0.6479 0.653 0.657 0.66 0.6621 0.6631 0.6632 0.6624 0.6607 0.6582 0.6548 0.6506 0.6455 0.6397 0.633 0.6255 0.6172 0.6081 0.5981 0.5874 0.5759 0.5637 0.5508 0.5373 0.5232 0.5085 0.4935 0.478 0.4621 0.446
0.244 0.2492 0.2546 0.2603 0.2663 0.2725 0.2791 0.2859 0.2931 0.3006 0.3085 0.3168 0.3254 0.3344 0.3438 0.3536 0.3638 0.3744 0.3854 0.3968 0.4086 0.4206 0.433 0.4457 0.4586 0.4717 0.4849 0.4982 0.5115 0.5248 0.5379 0.5507 0.5633 0.5754 0.587 0.5981 0.6085 0.6181 0.6269 0.6348 0.6418 0.6479 0.653 0.6571 0.6602 0.6624 0.6637 0.6641 0.6635 0.6622 0.6599 0.6568 0.6529 0.6482 0.6426 0.6362 0.6289 0.6208 0.6118 0.6019 0.5913 0.5798 0.5676 0.5546 0.541 0.5267 0.512 0.4967 0.4811 0.4651 0.4488
0.25 0.2553 0.2609 0.2667 0.2727 0.2791 0.2857 0.2926 0.2999 0.3074 0.3154 0.3236 0.3323 0.3413 0.3506 0.3604 0.3705 0.381 0.3918 0.403 0.4146 0.4264 0.4386 0.4509 0.4635 0.4763 0.4891 0.502 0.5149 0.5277 0.5404 0.5528 0.565 0.5767 0.5879 0.5986 0.6087 0.6181 0.6266 0.6344 0.6413 0.6473 0.6524 0.6566 0.6599 0.6623 0.6637 0.6644 0.6641 0.663 0.6611 0.6583 0.6547 0.6502 0.6449 0.6387 0.6317 0.6237 0.6149 0.6052 0.5946 0.5831 0.5709 0.5579 0.5441 0.5298 0.5149 0.4995 0.4837 0.4676 0.4511
0.2559 0.2613 0.267 0.2728 0.279 0.2854 0.2921 0.299 0.3063 0.3139 0.3219 0.3301 0.3387 0.3477 0.357 0.3667 0.3767 0.3871 0.3977 0.4088 0.4201 0.4317 0.4436 0.4556 0.4679 0.4803 0.4928 0.5053 0.5178 0.5302 0.5424 0.5544 0.5662 0.5775 0.5884 0.5987 0.6085 0.6175 0.6259 0.6335 0.6403 0.6463 0.6514 0.6556 0.659 0.6616 0.6632 0.6641 0.6641 0.6632 0.6616 0.6591 0.6558 0.6516 0.6466 0.6407 0.6339 0.6261 0.6175 0.6078 0.5973 0.5859 0.5736 0.5605 0.5467 0.5323 0.5173 0.5017 0.4858 0.4695 0.453
0.2616 0.2671 0.2728 0.2787 0.2849 0.2914 0.2981 0.3052 0.3125 0.3201 0.328 0.3363 0.3448 0.3537 0.363 0.3726 0.3824 0.3927 0.4032 0.414 0.4251 0.4365 0.448 0.4598 0.4717 0.4838 0.4959 0.508 0.5201 0.5321 0.544 0.5556 0.5669 0.5778 0.5883 0.5983 0.6078 0.6166 0.6248 0.6322 0.6389 0.6448 0.6499 0.6542 0.6577 0.6603 0.6622 0.6632 0.6634 0.6629 0.6615 0.6593 0.6563 0.6524 0.6477 0.642 0.6354 0.6279 0.6193 0.6098 0.5994 0.588 0.5757 0.5626 0.5487 0.5342 0.519 0.5034 0.4873 0.4709 0.4542
0.2671 0.2727 0.2784 0.2844 0.2907 0.2972 0.3039 0.311 0.3183 0.3259 0.3338 0.342 0.3506 0.3594 0.3686 0.378 0.3878 0.3978 0.4082 0.4188 0.4297 0.4407 0.452 0.4635 0.4751 0.4868 0.4986 0.5103 0.522 0.5336 0.545 0.5562 0.5672 0.5777 0.5879 0.5976 0.6067 0.6153 0.6232 0.6305 0.637 0.6429 0.6479 0.6523 0.6558 0.6586 0.6606 0.6618 0.6622 0.6619 0.6608 0.6589 0.6561 0.6525 0.648 0.6426 0.6362 0.6289 0.6205 0.6111 0.6008 0.5894 0.5771 0.564 0.55 0.5354 0.5201 0.5044 0.4882 0.4717 0.4549
0.2724 0.278 0.2838 0.2899 0.2961 0.3027 0.3094 0.3165 0.3238 0.3314 0.3393 0.3475 0.3559 0.3647 0.3737 0.3831 0.3927 0.4026 0.4127 0.4231 0.4337 0.4446 0.4556 0.4667 0.478 0.4894 0.5007 0.5121 0.5234 0.5346 0.5457 0.5565 0.567 0.5772 0.587 0.5964 0.6052 0.6136 0.6213 0.6284 0.6348 0.6405 0.6456 0.6499 0.6535 0.6563 0.6585 0.6598 0.6605 0.6603 0.6594 0.6578 0.6552 0.6519 0.6476 0.6425 0.6363 0.6291 0.6209 0.6117 0.6014 0.59 0.5778 0.5646 0.5506 0.5359 0.5206 0.5047 0.4884 0.4718 0.455
0.2775 0.2831 0.289 0.2951 0.3014 0.3079 0.3147 0.3217 0.329 0.3366 0.3444 0.3525 0.3609 0.3696 0.3785 0.3877 0.3972 0.4069 0.4168 0.427 0.4374 0.4479 0.4587 0.4695 0.4805 0.4915 0.5025 0.5135 0.5244 0.5353 0.5459 0.5563 0.5665 0.5763 0.5858 0.5949 0.6034 0.6115 0.619 0.6259 0.6322 0.6378 0.6428 0.6471 0.6507 0.6536 0.6558 0.6573 0.6581 0.6582 0.6575 0.656 0.6537 0.6505 0.6465 0.6415 0.6356 0.6286 0.6205 0.6114 0.6011 0.5898 0.5776 0.5644 0.5504 0.5356 0.5202 0.5043 0.488 0.4713 0.4544
0.2824 0.288 0.2939 0.3 0.3063 0.3129 0.3196 0.3267 0.3339 0.3414 0.3492 0.3573 0.3655 0.3741 0.3829 0.392 0.4012 0.4108 0.4205 0.4305 0.4406 0.4509 0.4613 0.4719 0.4825 0.4931 0.5038 0.5145 0.525 0.5355 0.5458 0.5558 0.5656 0.5751 0.5842 0.593 0.6013 0.6091 0.6163 0.623 0.6292 0.6347 0.6396 0.6439 0.6475 0.6504 0.6527 0.6543 0.6552 0.6554 0.6548 0.6535 0.6514 0.6484 0.6446 0.6398 0.634 0.6271 0.6192 0.6101 0.6 0.5888 0.5765 0.5633 0.5493 0.5345 0.5191 0.5031 0.4868 0.4701 0.4531
0.287 0.2927 0.2986 0.3047 0.311 0.3175 0.3243 0.3313 0.3385 0.346 0.3537 0.3616 0.3698 0.3783 0.3869 0.3958 0.4049 0.4143 0.4238 0.4335 0.4434 0.4534 0.4636 0.4738 0.4841 0.4944 0.5048 0.515 0.5252 0.5353 0.5452 0.5549 0.5644 0.5735 0.5823 0.5908 0.5988 0.6063 0.6133 0.6199 0.6258 0.6312 0.636 0.6402 0.6438 0.6468 0.6491 0.6507 0.6517 0.6519 0.6515 0.6503 0.6483 0.6455 0.6418 0.6371 0.6315 0.6247 0.6169 0.608 0.5979 0.5867 0.5745 0.5613 0.5473 0.5325 0.5171 0.5012 0.4848 0.4681 0.4512
0.2915 0.2972 0.3031 0.3092 0.3155 0.322 0.3287 0.3356 0.3428 0.3502 0.3578 0.3657 0.3738 0.3821 0.3906 0.3993 0.4083 0.4174 0.4267 0.4362 0.4458 0.4556 0.4654 0.4754 0.4853 0.4953 0.5053 0.5153 0.5251 0.5348 0.5444 0.5537 0.5628 0.5716 0.5801 0.5882 0.596 0.6032 0.61 0.6164 0.6222 0.6274 0.6321 0.6362 0.6397 0.6426 0.6449 0.6466 0.6476 0.6479 0.6475 0.6464 0.6445 0.6418 0.6382 0.6336 0.628 0.6214 0.6137 0.6048 0.5948 0.5837 0.5715 0.5584 0.5444 0.5297 0.5143 0.4984 0.4821 0.4654 0.4485
0.2957 0.3014 0.3073 0.3134 0.3196 0.3261 0.3328 0.3397 0.3468 0.3541 0.3617 0.3694 0.3774 0.3855 0.3939 0.4025 0.4112 0.4202 0.4293 0.4385 0.4479 0.4574 0.4669 0.4766 0.4862 0.4959 0.5055 0.5151 0.5246 0.534 0.5432 0.5522 0.561 0.5694 0.5776 0.5854 0.5929 0.5999 0.6064 0.6125 0.6181 0.6232 0.6278 0.6318 0.6352 0.6381 0.6403 0.6419 0.6429 0.6433 0.6429 0.6418 0.64 0.6373 0.6337 0.6292 0.6237 0.6171 0.6095 0.6007 0.5907 0.5797 0.5676 0.5546 0.5406 0.526 0.5107 0.4948 0.4786 0.462 0.4452
0.2998 0.3054 0.3113 0.3173 0.3236 0.33 0.3367 0.3435 0.3505 0.3578 0.3652 0.3728 0.3807 0.3887 0.3969 0.4053 0.4139 0.4226 0.4315 0.4405 0.4496 0.4588 0.4681 0.4774 0.4868 0.4961 0.5054 0.5147 0.5238 0.5329 0.5417 0.5504 0.5588 0.567 0.5748 0.5823 0.5895 0.5962 0.6025 0.6084 0.6138 0.6187 0.6231 0.627 0.6303 0.6331 0.6352 0.6368 0.6377 0.638 0.6377 0.6366 0.6347 0.632 0.6285 0.624 0.6185 0.612 0.6043 0.5956 0.5857 0.5747 0.5627 0.5498 0.536 0.5214 0.5062 0.4905 0.4743 0.4579 0.4412
0.3036 0.3092 0.3151 0.3211 0.3273 0.3337 0.3402 0.347 0.354 0.3611 0.3684 0.3759 0.3836 0.3915 0.3996 0.4078 0.4162 0.4247 0.4333 0.4421 0.4509 0.4599 0.4689 0.4779 0.487 0.496 0.505 0.5139 0.5227 0.5314 0.5399 0.5483 0.5564 0.5642 0.5717 0.5789 0.5858 0.5923 0.5984 0.604 0.6092 0.6139 0.6181 0.6218 0.625 0.6276 0.6297 0.6312 0.632 0.6323 0.6318 0.6307 0.6287 0.626 0.6224 0.6179 0.6124 0.6059 0.5983 0.5896 0.5798 0.5689 0.557 0.5442 0.5305 0.516 0.501 0.4854 0.4694 0.4531 0.4365
0.3072 0.3128 0.3186 0.3246 0.3307 0.3371 0.3436 0.3502 0.3571 0.3642 0.3714 0.3788 0.3863 0.394 0.4019 0.41 0.4181 0.4264 0.4349 0.4434 0.452 0.4606 0.4694 0.4781 0.4869 0.4956 0.5042 0.5128 0.5213 0.5297 0.5379 0.5459 0.5537 0.5612 0.5684 0.5753 0.5819 0.5881 0.5939 0.5993 0.6043 0.6088 0.6128 0.6163 0.6194 0.6218 0.6238 0.6251 0.6259 0.626 0.6254 0.6242 0.6222 0.6194 0.6157 0.6111 0.6056 0.5991 0.5915 0.5828 0.573 0.5622 0.5504 0.5377 0.5242 0.5099 0.495 0.4796 0.4638 0.4476 0.4312
