WOC_0.grd
DSAA
121 89
1000 13000
1000 9800
1599.153564 1639.750732
[rows 0 to 23 of 89, columns 0 to 53 of 121]
1607.417000 1607.450000 1607.489000 1607.534000 1607.584000 1607.640000 1607.702000 1607.769000 1607.841000 1607.919000 1608.002000 1608.090000 1608.184000 1608.282000 1608.385000 1608.493000 1608.607000 1608.725000 1608.849000 1608.978000 1609.114000 1609.255000 1609.404000 1609.559000 1609.721000 1609.891000 1610.068000 1610.253000 1610.446000 1610.648000 1610.858000 1611.077000 1611.303000 1611.535000 1611.771000 1612.010000 1612.251000 1612.492000 1612.733000 1612.970000 1613.204000 1613.433000 1613.656000 1613.870000 1614.076000 1614.270000 1614.453000 1614.622000 1614.775000 1614.912000 1615.029000 1615.127000 1615.202000 1615.253000
1607.292000 1607.324000 1607.363000 1607.408000 1607.459000 1607.515000 1607.578000 1607.646000 1607.719000 1607.798000 1607.882000 1607.972000 1608.067000 1608.168000 1608.274000 1608.384000 1608.500000 1608.622000 1608.750000 1608.883000 1609.023000 1609.171000 1609.325000 1609.487000 1609.656000 1609.834000 1610.021000 1610.216000 1610.421000 1610.635000 1610.858000 1611.092000 1611.333000 1611.582000 1611.835000 1612.092000 1612.352000 1612.612000 1612.871000 1613.127000 1613.380000 1613.628000 1613.869000 1614.101000 1614.324000 1614.535000 1614.734000 1614.917000 1615.085000 1615.234000 1615.363000 1615.470000 1615.553000 1615.612000
1607.164000 1607.197000 1607.236000 1607.280000 1607.331000 1607.388000 1607.451000 1607.519000 1607.593000 1607.673000 1607.759000 1607.850000 1607.947000 1608.050000 1608.158000 1608.271000 1608.390000 1608.515000 1608.646000 1608.783000 1608.928000 1609.081000 1609.241000 1609.410000 1609.587000 1609.773000 1609.969000 1610.175000 1610.391000 1610.617000 1610.855000 1611.103000 1611.361000 1611.627000 1611.898000 1612.174000 1612.453000 1612.732000 1613.011000 1613.288000 1613.561000 1613.828000 1614.088000 1614.340000 1614.581000 1614.810000 1615.025000 1615.225000 1615.407000 1615.570000 1615.711000 1615.829000 1615.922000 1615.987000
1607.035000 1607.067000 1607.106000 1607.150000 1607.201000 1607.258000 1607.321000 1607.390000 1607.465000 1607.546000 1607.632000 1607.725000 1607.823000 1607.928000 1608.038000 1608.153000 1608.275000 1608.402000 1608.537000 1608.678000 1608.828000 1608.985000 1609.151000 1609.326000 1609.511000 1609.706000 1609.911000 1610.127000 1610.355000 1610.594000 1610.846000 1611.110000 1611.384000 1611.667000 1611.958000 1612.253000 1612.551000 1612.851000 1613.151000 1613.448000 1613.742000 1614.030000 1614.311000 1614.582000 1614.843000 1615.091000 1615.324000 1615.541000 1615.739000 1615.917000 1616.071000 1616.201000 1616.303000 1616.376000
1606.904000 1606.936000 1606.973000 1607.018000 1607.068000 1607.125000 1607.188000 1607.257000 1607.333000 1607.414000 1607.502000 1607.596000 1607.695000 1607.801000 1607.913000 1608.030000 1608.154000 1608.284000 1608.422000 1608.567000 1608.720000 1608.882000 1609.054000 1609.236000 1609.427000 1609.630000 1609.845000 1610.072000 1610.311000 1610.563000 1610.829000 1611.109000 1611.401000 1611.702000 1612.011000 1612.326000 1612.645000 1612.965000 1613.286000 1613.606000 1613.921000 1614.231000 1614.533000 1614.826000 1615.107000 1615.375000 1615.628000 1615.863000 1616.078000 1616.271000 1616.440000 1616.582000 1616.696000 1616.778000
1606.771000 1606.802000 1606.839000 1606.883000 1606.933000 1606.990000 1607.052000 1607.122000 1607.198000 1607.280000 1607.368000 1607.462000 1607.563000 1607.670000 1607.783000 1607.902000 1608.028000 1608.160000 1608.300000 1608.448000 1608.606000 1608.772000 1608.949000 1609.137000 1609.336000 1609.547000 1609.770000 1610.007000 1610.258000 1610.523000 1610.803000 1611.099000 1611.407000 1611.727000 1612.055000 1612.390000 1612.730000 1613.073000 1613.415000 1613.757000 1614.095000 1614.427000 1614.751000 1615.066000 1615.369000 1615.659000 1615.932000 1616.187000 1616.421000 1616.631000 1616.816000 1616.972000 1617.097000 1617.188000
1606.636000 1606.666000 1606.703000 1606.746000 1606.795000 1606.851000 1606.914000 1606.983000 1607.059000 1607.141000 1607.230000 1607.325000 1607.426000 1607.534000 1607.648000 1607.768000 1607.895000 1608.030000 1608.172000 1608.323000 1608.483000 1608.654000 1608.835000 1609.028000 1609.234000 1609.452000 1609.685000 1609.931000 1610.193000 1610.471000 1610.766000 1611.077000 1611.403000 1611.741000 1612.089000 1612.444000 1612.805000 1613.169000 1613.535000 1613.899000 1614.260000 1614.615000 1614.963000 1615.301000 1615.627000 1615.939000 1616.234000 1616.510000 1616.764000 1616.993000 1617.194000 1617.365000 1617.503000 1617.605000
1606.500000 1606.529000 1606.564000 1606.606000 1606.655000 1606.711000 1606.773000 1606.842000 1606.917000 1606.999000 1607.088000 1607.183000 1607.285000 1607.393000 1607.507000 1607.628000 1607.756000 1607.892000 1608.036000 1608.189000 1608.352000 1608.526000 1608.712000 1608.910000 1609.121000 1609.347000 1609.587000 1609.844000 1610.116000 1610.407000 1610.715000 1611.042000 1611.385000 1611.741000 1612.108000 1612.484000 1612.866000 1613.253000 1613.641000 1614.029000 1614.413000 1614.793000 1615.164000 1615.526000 1615.876000 1616.212000 1616.531000 1616.829000 1617.105000 1617.354000 1617.574000 1617.761000 1617.912000 1618.025000
1606.362000 1606.389000 1606.424000 1606.465000 1606.513000 1606.567000 1606.629000 1606.697000 1606.772000 1606.853000 1606.942000 1607.036000 1607.138000 1607.246000 1607.361000 1607.482000 1607.610000 1607.746000 1607.891000 1608.046000 1608.211000 1608.388000 1608.577000 1608.779000 1608.996000 1609.228000 1609.477000 1609.742000 1610.025000 1610.327000 1610.650000 1610.991000 1611.351000 1611.725000 1612.111000 1612.508000 1612.912000 1613.320000 1613.732000 1614.143000 1614.552000 1614.956000 1615.352000 1615.739000 1616.114000 1616.474000 1616.818000 1617.140000 1617.439000 1617.710000 1617.949000 1618.153000 1618.319000 1618.443000
1606.222000 1606.248000 1606.281000 1606.321000 1606.368000 1606.421000 1606.482000 1606.549000 1606.623000 1606.704000 1606.791000 1606.885000 1606.986000 1607.094000 1607.208000 1607.329000 1607.457000 1607.593000 1607.738000 1607.894000 1608.060000 1608.239000 1608.431000 1608.637000 1608.858000 1609.096000 1609.351000 1609.625000 1609.918000 1610.231000 1610.566000 1610.923000 1611.298000 1611.690000 1612.096000 1612.512000 1612.938000 1613.369000 1613.803000 1614.238000 1614.672000 1615.101000 1615.523000 1615.935000 1616.336000 1616.722000 1617.091000 1617.439000 1617.762000 1618.055000 1618.315000 1618.538000 1618.719000 1618.855000
1606.081000 1606.105000 1606.137000 1606.175000 1606.220000 1606.273000 1606.332000 1606.398000 1606.470000 1606.550000 1606.636000 1606.729000 1606.829000 1606.936000 1607.049000 1607.169000 1607.296000 1607.431000 1607.576000 1607.731000 1607.898000 1608.078000 1608.271000 1608.480000 1608.706000 1608.948000 1609.209000 1609.490000 1609.792000 1610.117000 1610.464000 1610.834000 1611.225000 1611.635000 1612.059000 1612.495000 1612.942000 1613.395000 1613.853000 1614.312000 1614.770000 1615.224000 1615.672000 1616.111000 1616.539000 1616.952000 1617.347000 1617.721000 1618.069000 1618.386000 1618.667000 1618.909000 1619.105000 1619.253000
1605.938000 1605.961000 1605.990000 1606.027000 1606.071000 1606.121000 1606.179000 1606.243000 1606.314000 1606.392000 1606.477000 1606.568000 1606.666000 1606.771000 1606.883000 1607.001000 1607.126000 1607.260000 1607.403000 1607.557000 1607.724000 1607.904000 1608.099000 1608.309000 1608.537000 1608.784000 1609.050000 1609.338000 1609.648000 1609.982000 1610.340000 1610.724000 1611.130000 1611.556000 1611.998000 1612.454000 1612.921000 1613.397000 1613.877000 1614.360000 1614.844000 1615.323000 1615.798000 1616.264000 1616.718000 1617.158000 1617.581000 1617.982000 1618.355000 1618.696000 1618.999000 1619.259000 1619.471000 1619.630000
1605.794000 1605.814000 1605.842000 1605.877000 1605.919000 1605.967000 1606.023000 1606.085000 1606.154000 1606.230000 1606.313000 1606.402000 1606.498000 1606.600000 1606.709000 1606.825000 1606.948000 1607.079000 1607.220000 1607.373000 1607.538000 1607.717000 1607.911000 1608.123000 1608.352000 1608.602000 1608.872000 1609.165000 1609.482000 1609.824000 1610.193000 1610.589000 1611.009000 1611.451000 1611.910000 1612.385000 1612.873000 1613.370000 1613.873000 1614.381000 1614.889000 1615.394000 1615.895000 1616.388000 1616.869000 1617.337000 1617.787000 1618.214000 1618.612000 1618.976000 1619.300000 1619.578000 1619.805000 1619.975000
1605.648000 1605.667000 1605.692000 1605.725000 1605.765000 1605.811000 1605.864000 1605.924000 1605.991000 1606.064000 1606.144000 1606.230000 1606.323000 1606.423000 1606.529000 1606.641000 1606.760000 1606.888000 1607.026000 1607.175000 1607.338000 1607.515000 1607.708000 1607.919000 1608.149000 1608.400000 1608.673000 1608.971000 1609.293000 1609.643000 1610.021000 1610.429000 1610.862000 1611.318000 1611.794000 1612.287000 1612.794000 1613.312000 1613.838000 1614.369000 1614.902000 1615.433000 1615.961000 1616.480000 1616.988000 1617.482000 1617.958000 1618.410000 1618.831000 1619.217000 1619.559000 1619.854000 1620.094000 1620.273000
1605.501000 1605.517000 1605.541000 1605.571000 1605.608000 1605.652000 1605.702000 1605.759000 1605.823000 1605.893000 1605.970000 1606.053000 1606.143000 1606.238000 1606.340000 1606.448000 1606.563000 1606.687000 1606.820000 1606.965000 1607.124000 1607.298000 1607.488000 1607.697000 1607.927000 1608.178000 1608.453000 1608.753000 1609.080000 1609.436000 1609.823000 1610.239000 1610.684000 1611.154000 1611.646000 1612.156000 1612.682000 1613.220000 1613.768000 1614.323000 1614.880000 1615.437000 1615.990000 1616.536000 1617.070000 1617.589000 1618.089000 1618.563000 1619.004000 1619.407000 1619.766000 1620.073000 1620.324000 1620.512000
1605.353000 1605.366000 1605.387000 1605.415000 1605.449000 1605.490000 1605.537000 1605.592000 1605.652000 1605.719000 1605.792000 1605.871000 1605.956000 1606.047000 1606.145000 1606.247000 1606.357000 1606.475000 1606.603000 1606.742000 1606.896000 1607.065000 1607.252000 1607.458000 1607.685000 1607.935000 1608.210000 1608.511000 1608.841000 1609.202000 1609.595000 1610.020000 1610.475000 1610.957000 1611.463000 1611.990000 1612.533000 1613.092000 1613.661000 1614.238000 1614.820000 1615.402000 1615.980000 1616.551000 1617.110000 1617.652000 1618.172000 1618.665000 1619.123000 1619.541000 1619.913000 1620.232000 1620.493000 1620.691000
1605.204000 1605.215000 1605.233000 1605.257000 1605.289000 1605.327000 1605.371000 1605.421000 1605.478000 1605.541000 1605.610000 1605.685000 1605.765000 1605.851000 1605.943000 1606.040000 1606.143000 1606.254000 1606.375000 1606.509000 1606.656000 1606.819000 1607.000000 1607.201000 1607.424000 1607.671000 1607.944000 1608.245000 1608.577000 1608.940000 1609.337000 1609.769000 1610.233000 1610.726000 1611.244000 1611.785000 1612.345000 1612.922000 1613.512000 1614.112000 1614.716000 1615.322000 1615.924000 1616.518000 1617.098000 1617.660000 1618.199000 1618.708000 1619.183000 1619.617000 1620.004000 1620.338000 1620.616000 1620.834000
1605.054000 1605.063000 1605.078000 1605.099000 1605.127000 1605.162000 1605.203000 1605.250000 1605.303000 1605.361000 1605.426000 1605.496000 1605.571000 1605.651000 1605.737000 1605.827000 1605.923000 1606.027000 1606.140000 1606.266000 1606.405000 1606.561000 1606.735000 1606.929000 1607.146000 1607.388000 1607.657000 1607.956000 1608.286000 1608.650000 1609.049000 1609.486000 1609.956000 1610.457000 1610.986000 1611.540000 1612.115000 1612.709000 1613.319000 1613.939000 1614.565000 1615.192000 1615.815000 1616.429000 1617.027000 1617.606000 1618.160000 1618.685000 1619.177000 1619.629000 1620.039000 1620.400000 1620.708000 1620.963000
1604.905000 1604.910000 1604.922000 1604.941000 1604.966000 1604.997000 1605.034000 1605.077000 1605.126000 1605.181000 1605.240000 1605.305000 1605.375000 1605.449000 1605.528000 1605.611000 1605.699000 1605.794000 1605.899000 1606.015000 1606.145000 1606.292000 1606.457000 1606.643000 1606.852000 1607.086000 1607.349000 1607.643000 1607.969000 1608.330000 1608.730000 1609.168000 1609.642000 1610.149000 1610.686000 1611.250000 1611.839000 1612.449000 1613.076000 1613.716000 1614.362000 1615.009000 1615.648000 1616.277000 1616.889000 1617.481000 1618.048000 1618.587000 1619.097000 1619.575000 1620.016000 1620.416000 1620.774000 1621.091000
1604.756000 1604.759000 1604.768000 1604.783000 1604.805000 1604.832000 1604.866000 1604.905000 1604.950000 1605.000000 1605.055000 1605.115000 1605.179000 1605.247000 1605.319000 1605.394000 1605.473000 1605.559000 1605.653000 1605.759000 1605.879000 1606.014000 1606.168000 1606.344000 1606.542000 1606.767000 1607.021000 1607.306000 1607.626000 1607.982000 1608.378000 1608.814000 1609.289000 1609.799000 1610.342000 1610.915000 1611.514000 1612.138000 1612.782000 1613.440000 1614.104000 1614.767000 1615.422000 1616.063000 1616.686000 1617.289000 1617.869000 1618.424000 1618.958000 1619.470000 1619.961000 1620.427000 1620.868000 1621.284000
1604.609000 1604.608000 1604.614000 1604.626000 1604.645000 1604.669000 1604.699000 1604.734000 1604.775000 1604.821000 1604.872000 1604.926000 1604.984000 1605.046000 1605.110000 1605.177000 1605.246000 1605.322000 1605.405000 1605.500000 1605.607000 1605.730000 1605.871000 1606.033000 1606.219000 1606.431000 1606.672000 1606.947000 1607.256000 1607.604000 1607.993000 1608.424000 1608.896000 1609.406000 1609.951000 1610.530000 1611.138000 1611.773000 1612.432000 1613.107000 1613.789000 1614.469000 1615.138000 1615.793000 1616.431000 1617.050000 1617.647000 1618.226000 1618.793000 1619.363000 1619.941000 1620.524000 1621.102000 1621.663000
1604.462000 1604.459000 1604.462000 1604.471000 1604.486000 1604.507000 1604.533000 1604.565000 1604.603000 1604.645000 1604.691000 1604.740000 1604.792000 1604.847000 1604.904000 1604.962000 1605.021000 1605.086000 1605.157000 1605.238000 1605.332000 1605.440000 1605.566000 1605.713000 1605.882000 1606.079000 1606.305000 1606.564000 1606.860000 1607.195000 1607.573000 1607.996000 1608.461000 1608.967000 1609.512000 1610.092000 1610.707000 1611.351000 1612.023000 1612.715000 1613.415000 1614.114000 1614.801000 1615.475000 1616.135000 1616.779000 1617.408000 1618.031000 1618.666000 1619.340000 1620.063000 1620.823000 1621.596000 1622.360000
1604.318000 1604.312000 1604.311000 1604.318000 1604.329000 1604.347000 1604.371000 1604.399000 1604.433000 1604.471000 1604.513000 1604.558000 1604.605000 1604.653000 1604.702000 1604.751000 1604.800000 1604.852000 1604.910000 1604.977000 1605.055000 1605.147000 1605.255000 1605.384000 1605.534000 1605.712000 1605.919000 1606.160000 1606.438000 1606.756000 1607.120000 1607.529000 1607.983000 1608.481000 1609.021000 1609.601000 1610.218000 1610.870000 1611.554000 1612.262000 1612.981000 1613.702000 1614.415000 1615.117000 1615.810000 1616.494000 1617.179000 1617.891000 1618.660000 1619.509000 1620.443000 1621.443000 1622.475000 1623.497000
1604.176000 1604.167000 1604.164000 1604.167000 1604.176000 1604.191000 1604.211000 1604.237000 1604.268000 1604.303000 1604.341000 1604.381000 1604.423000 1604.465000 1604.506000 1604.545000 1604.584000 1604.623000 1604.667000 1604.719000 1604.780000 1604.853000 1604.942000 1605.049000 1605.178000 1605.333000 1605.518000 1605.737000 1605.994000 1606.292000 1606.635000 1607.027000 1607.467000 1607.953000 1608.484000 1609.059000 1609.677000 1610.334000 1611.029000 1611.753000 1612.495000 1613.245000 1613.993000 1614.738000 1615.481000 1616.231000 1617.010000 1617.865000 1618.816000 1619.897000 1621.098000 1622.386000 1623.711000 1625.017000
