WOC_0.grd
DSAA
121 89
1000 13000
1000 9800
1599.153564 1639.750732
[rows 24 to 47 of 89, columns 54 to 107 of 121]
1628.175000 1629.352000 1630.179000 1630.556000 1630.524000 1630.185000 1629.642000 1628.984000 1628.265000 1627.525000 1626.804000 1626.112000 1625.389000 1624.571000 1623.594000 1622.442000 1621.162000 1619.801000 1618.407000 1617.034000 1615.736000 1614.567000 1613.574000 1612.747000 1612.058000 1611.480000 1610.985000 1610.543000 1610.126000 1609.712000 1609.302000 1608.936000 1608.639000 1608.408000 1608.235000 1608.117000 1608.048000 1608.032000 1608.063000 1608.135000 1608.242000 1608.375000 1608.531000 1608.707000 1608.897000 1609.100000 1609.313000 1609.535000 1609.762000 1609.993000 1610.225000 1610.456000 1610.684000 1610.908000
1630.120000 1631.317000 1632.140000 1632.496000 1632.429000 1632.044000 1631.443000 1630.723000 1629.941000 1629.149000 1628.391000 1627.676000 1626.933000 1626.082000 1625.042000 1623.794000 1622.391000 1620.888000 1619.343000 1617.818000 1616.379000 1615.092000 1614.012000 1613.127000 1612.406000 1611.813000 1611.316000 1610.873000 1610.448000 1610.022000 1609.610000 1609.250000 1608.958000 1608.727000 1608.554000 1608.435000 1608.367000 1608.350000 1608.381000 1608.453000 1608.561000 1608.697000 1608.858000 1609.038000 1609.235000 1609.444000 1609.663000 1609.890000 1610.122000 1610.357000 1610.593000 1610.826000 1611.055000 1611.279000
1631.896000 1632.895000 1633.557000 1633.823000 1633.733000 1633.359000 1632.784000 1632.086000 1631.324000 1630.547000 1629.803000 1629.098000 1628.354000 1627.480000 1626.389000 1625.057000 1623.545000 1621.915000 1620.230000 1618.564000 1616.993000 1615.594000 1614.432000 1613.495000 1612.744000 1612.142000 1611.650000 1611.214000 1610.784000 1610.349000 1609.938000 1609.577000 1609.276000 1609.036000 1608.857000 1608.735000 1608.668000 1608.653000 1608.686000 1608.761000 1608.873000 1609.015000 1609.182000 1609.370000 1609.574000 1609.790000 1610.017000 1610.250000 1610.487000 1610.727000 1610.966000 1611.202000 1611.432000 1611.656000
1633.290000 1633.968000 1634.378000 1634.520000 1634.418000 1634.102000 1633.619000 1633.017000 1632.343000 1631.642000 1630.956000 1630.286000 1629.557000 1628.677000 1627.552000 1626.159000 1624.561000 1622.827000 1621.026000 1619.238000 1617.551000 1616.054000 1614.820000 1613.836000 1613.058000 1612.448000 1611.963000 1611.540000 1611.107000 1610.668000 1610.252000 1609.879000 1609.565000 1609.315000 1609.130000 1609.006000 1608.942000 1608.931000 1608.970000 1609.052000 1609.171000 1609.321000 1609.498000 1609.695000 1609.909000 1610.135000 1610.369000 1610.610000 1610.854000 1611.100000 1611.343000 1611.583000 1611.814000 1612.038000
1634.100000 1634.469000 1634.629000 1634.650000 1634.549000 1634.318000 1633.963000 1633.500000 1632.960000 1632.374000 1631.773000 1631.157000 1630.457000 1629.589000 1628.454000 1627.030000 1625.381000 1623.578000 1621.692000 1619.811000 1618.033000 1616.455000 1615.158000 1614.131000 1613.327000 1612.704000 1612.216000 1611.796000 1611.353000 1610.911000 1610.496000 1610.120000 1609.800000 1609.546000 1609.360000 1609.240000 1609.181000 1609.178000 1609.226000 1609.318000 1609.448000 1609.611000 1609.800000 1610.010000 1610.236000 1610.473000 1610.718000 1610.968000 1611.220000 1611.473000 1611.722000 1611.965000 1612.199000 1612.424000
1634.239000 1634.374000 1634.333000 1634.262000 1634.177000 1634.042000 1633.829000 1633.523000 1633.137000 1632.687000 1632.190000 1631.641000 1630.983000 1630.141000 1629.022000 1627.603000 1625.946000 1624.118000 1622.191000 1620.255000 1618.415000 1616.778000 1615.432000 1614.366000 1613.532000 1612.886000 1612.376000 1611.929000 1611.489000 1611.059000 1610.653000 1610.285000 1609.969000 1609.719000 1609.540000 1609.427000 1609.376000 1609.385000 1609.446000 1609.552000 1609.698000 1609.877000 1610.082000 1610.308000 1610.549000 1610.800000 1611.058000 1611.320000 1611.582000 1611.843000 1612.099000 1612.347000 1612.585000 1612.811000
1633.718000 1633.716000 1633.551000 1633.427000 1633.371000 1633.327000 1633.247000 1633.094000 1632.861000 1632.552000 1632.170000 1631.700000 1631.098000 1630.299000 1629.222000 1627.848000 1626.231000 1624.431000 1622.510000 1620.559000 1618.691000 1617.018000 1615.635000 1614.532000 1613.663000 1612.982000 1612.437000 1611.964000 1611.525000 1611.110000 1610.721000 1610.370000 1610.069000 1609.832000 1609.664000 1609.562000 1609.525000 1609.549000 1609.627000 1609.753000 1609.919000 1610.118000 1610.343000 1610.588000 1610.848000 1611.115000 1611.388000 1611.664000 1611.938000 1612.209000 1612.473000 1612.728000 1612.970000 1613.199000
1632.746000 1632.658000 1632.424000 1632.278000 1632.250000 1632.280000 1632.308000 1632.285000 1632.191000 1632.016000 1631.750000 1631.373000 1630.844000 1630.112000 1629.113000 1627.830000 1626.305000 1624.581000 1622.708000 1620.775000 1618.901000 1617.206000 1615.790000 1614.649000 1613.739000 1613.016000 1612.432000 1611.935000 1611.485000 1611.075000 1610.711000 1610.386000 1610.109000 1609.891000 1609.739000 1609.654000 1609.634000 1609.677000 1609.777000 1609.926000 1610.115000 1610.338000 1610.586000 1610.854000 1611.134000 1611.421000 1611.712000 1612.002000 1612.291000 1612.573000 1612.847000 1613.109000 1613.356000 1613.588000
1631.515000 1631.365000 1631.105000 1630.954000 1630.943000 1631.014000 1631.110000 1631.179000 1631.195000 1631.136000 1630.983000 1630.710000 1630.280000 1629.651000 1628.775000 1627.634000 1626.252000 1624.650000 1622.858000 1620.964000 1619.095000 1617.380000 1615.928000 1614.743000 1613.784000 1613.015000 1612.393000 1611.870000 1611.404000 1610.980000 1610.641000 1610.352000 1610.101000 1609.907000 1609.776000 1609.712000 1609.714000 1609.780000 1609.906000 1610.081000 1610.297000 1610.545000 1610.819000 1611.111000 1611.414000 1611.722000 1612.031000 1612.339000 1612.642000 1612.937000 1613.221000 1613.491000 1613.744000 1613.979000
1630.123000 1629.970000 1629.731000 1629.589000 1629.573000 1629.642000 1629.751000 1629.861000 1629.943000 1629.972000 1629.922000 1629.765000 1629.465000 1628.984000 1628.284000 1627.343000 1626.154000 1624.716000 1623.030000 1621.184000 1619.318000 1617.574000 1616.077000 1614.835000 1613.820000 1613.002000 1612.349000 1611.814000 1611.350000 1610.926000 1610.570000 1610.292000 1610.060000 1609.890000 1609.783000 1609.744000 1609.772000 1609.867000 1610.021000 1610.226000 1610.471000 1610.747000 1611.048000 1611.365000 1611.692000 1612.021000 1612.351000 1612.676000 1612.995000 1613.303000 1613.598000 1613.877000 1614.136000 1614.374000
1628.655000 1628.570000 1628.399000 1628.275000 1628.231000 1628.251000 1628.318000 1628.416000 1628.519000 1628.602000 1628.641000 1628.607000 1628.462000 1628.168000 1627.690000 1626.989000 1626.033000 1624.787000 1623.224000 1621.430000 1619.564000 1617.786000 1616.234000 1614.929000 1613.851000 1612.985000 1612.308000 1611.772000 1611.327000 1610.912000 1610.517000 1610.217000 1609.996000 1609.847000 1609.769000 1609.760000 1609.820000 1609.947000 1610.134000 1610.370000 1610.645000 1610.951000 1611.279000 1611.622000 1611.972000 1612.324000 1612.673000 1613.017000 1613.351000 1613.673000 1613.980000 1614.267000 1614.532000 1614.774000
1627.195000 1627.221000 1627.141000 1627.038000 1626.951000 1626.895000 1626.886000 1626.935000 1627.027000 1627.139000 1627.250000 1627.333000 1627.345000 1627.246000 1626.993000 1626.536000 1625.813000 1624.762000 1623.329000 1621.599000 1619.746000 1617.945000 1616.352000 1614.994000 1613.861000 1612.949000 1612.245000 1611.700000 1611.247000 1610.810000 1610.414000 1610.112000 1609.907000 1609.785000 1609.740000 1609.767000 1609.865000 1610.029000 1610.252000 1610.522000 1610.829000 1611.164000 1611.518000 1611.885000 1612.259000 1612.632000 1613.001000 1613.363000 1613.713000 1614.049000 1614.367000 1614.663000 1614.934000 1615.179000
1625.832000 1625.979000 1625.988000 1625.901000 1625.764000 1625.623000 1625.527000 1625.512000 1625.574000 1625.695000 1625.859000 1626.039000 1626.187000 1626.255000 1626.192000 1625.937000 1625.409000 1624.529000 1623.224000 1621.576000 1619.767000 1617.981000 1616.379000 1614.997000 1613.829000 1612.880000 1612.140000 1611.559000 1611.071000 1610.628000 1610.252000 1609.972000 1609.794000 1609.707000 1609.703000 1609.775000 1609.918000 1610.125000 1610.387000 1610.693000 1611.032000 1611.394000 1611.773000 1612.161000 1612.555000 1612.948000 1613.336000 1613.715000 1614.082000 1614.432000 1614.762000 1615.067000 1615.344000 1615.591000
1624.657000 1624.894000 1624.966000 1624.885000 1624.700000 1624.485000 1624.310000 1624.235000 1624.262000 1624.380000 1624.575000 1624.818000 1625.057000 1625.232000 1625.285000 1625.149000 1624.743000 1623.982000 1622.793000 1621.253000 1619.538000 1617.824000 1616.267000 1614.906000 1613.739000 1612.769000 1611.991000 1611.362000 1610.838000 1610.397000 1610.047000 1609.800000 1609.661000 1609.620000 1609.667000 1609.793000 1609.989000 1610.245000 1610.551000 1610.894000 1611.264000 1611.650000 1612.048000 1612.454000 1612.864000 1613.274000 1613.680000 1614.076000 1614.458000 1614.823000 1615.165000 1615.479000 1615.761000 1616.011000
1623.683000 1623.972000 1624.079000 1623.996000 1623.778000 1623.512000 1623.282000 1623.161000 1623.156000 1623.261000 1623.463000 1623.732000 1624.005000 1624.219000 1624.307000 1624.203000 1623.838000 1623.143000 1622.055000 1620.646000 1619.070000 1617.484000 1616.025000 1614.731000 1613.600000 1612.633000 1611.826000 1611.157000 1610.600000 1610.156000 1609.833000 1609.627000 1609.534000 1609.547000 1609.655000 1609.846000 1610.103000 1610.414000 1610.765000 1611.144000 1611.540000 1611.944000 1612.354000 1612.770000 1613.191000 1613.615000 1614.035000 1614.446000 1614.844000 1615.223000 1615.577000 1615.901000 1616.189000 1616.441000
1622.858000 1623.176000 1623.306000 1623.231000 1623.006000 1622.722000 1622.468000 1622.320000 1622.290000 1622.373000 1622.557000 1622.811000 1623.071000 1623.265000 1623.325000 1623.189000 1622.811000 1622.143000 1621.144000 1619.875000 1618.464000 1617.038000 1615.711000 1614.514000 1613.447000 1612.509000 1611.695000 1610.996000 1610.408000 1609.965000 1609.669000 1609.503000 1609.460000 1609.531000 1609.705000 1609.965000 1610.290000 1610.658000 1611.054000 1611.464000 1611.878000 1612.290000 1612.701000 1613.118000 1613.541000 1613.972000 1614.403000 1614.828000 1615.240000 1615.634000 1616.002000 1616.336000 1616.630000 1616.883000
1622.126000 1622.469000 1622.629000 1622.586000 1622.391000 1622.130000 1621.888000 1621.738000 1621.692000 1621.744000 1621.886000 1622.089000 1622.290000 1622.418000 1622.404000 1622.200000 1621.779000 1621.117000 1620.195000 1619.064000 1617.822000 1616.566000 1615.384000 1614.300000 1613.315000 1612.429000 1611.637000 1610.942000 1610.351000 1609.913000 1609.634000 1609.503000 1609.504000 1609.622000 1609.848000 1610.167000 1610.551000 1610.969000 1611.402000 1611.838000 1612.267000 1612.684000 1613.091000 1613.500000 1613.918000 1614.349000 1614.786000 1615.220000 1615.646000 1616.056000 1616.439000 1616.786000 1617.087000 1617.340000
1621.436000 1621.815000 1622.027000 1622.053000 1621.933000 1621.743000 1621.554000 1621.428000 1621.374000 1621.390000 1621.468000 1621.588000 1621.691000 1621.717000 1621.605000 1621.319000 1620.849000 1620.189000 1619.334000 1618.327000 1617.239000 1616.141000 1615.097000 1614.127000 1613.234000 1612.416000 1611.676000 1611.023000 1610.473000 1610.059000 1609.801000 1609.691000 1609.716000 1609.862000 1610.115000 1610.461000 1610.873000 1611.320000 1611.783000 1612.242000 1612.689000 1613.117000 1613.524000 1613.919000 1614.325000 1614.751000 1615.188000 1615.627000 1616.064000 1616.491000 1616.892000 1617.254000 1617.562000 1617.815000
1620.774000 1621.198000 1621.480000 1621.601000 1621.590000 1621.504000 1621.396000 1621.312000 1621.260000 1621.238000 1621.243000 1621.260000 1621.246000 1621.153000 1620.935000 1620.568000 1620.055000 1619.398000 1618.604000 1617.704000 1616.749000 1615.790000 1614.871000 1614.009000 1613.206000 1612.465000 1611.792000 1611.200000 1610.707000 1610.336000 1610.105000 1610.011000 1610.047000 1610.205000 1610.471000 1610.829000 1611.257000 1611.734000 1612.236000 1612.734000 1613.207000 1613.641000 1614.037000 1614.396000 1614.777000 1615.193000 1615.622000 1616.060000 1616.505000 1616.947000 1617.367000 1617.743000 1618.059000 1618.310000
1620.141000 1620.612000 1620.966000 1621.189000 1621.297000 1621.326000 1621.309000 1621.276000 1621.231000 1621.176000 1621.110000 1621.027000 1620.896000 1620.688000 1620.374000 1619.940000 1619.395000 1618.747000 1618.007000 1617.200000 1616.359000 1615.518000 1614.708000 1613.942000 1613.222000 1612.555000 1611.947000 1611.413000 1610.969000 1610.636000 1610.428000 1610.346000 1610.391000 1610.562000 1610.849000 1611.237000 1611.710000 1612.250000 1612.823000 1613.385000 1613.896000 1614.322000 1614.677000 1614.989000 1615.321000 1615.704000 1616.112000 1616.535000 1616.981000 1617.436000 1617.871000 1618.261000 1618.581000 1618.828000
1619.540000 1620.048000 1620.464000 1620.776000 1620.990000 1621.122000 1621.188000 1621.201000 1621.168000 1621.090000 1620.971000 1620.807000 1620.585000 1620.288000 1619.903000 1619.426000 1618.867000 1618.238000 1617.550000 1616.822000 1616.075000 1615.331000 1614.611000 1613.924000 1613.275000 1612.669000 1612.113000 1611.621000 1611.209000 1610.895000 1610.692000 1610.611000 1610.663000 1610.857000 1611.191000 1611.651000 1612.226000 1612.897000 1613.610000 1614.289000 1614.859000 1615.266000 1615.547000 1615.769000 1616.007000 1616.323000 1616.675000 1617.068000 1617.508000 1617.969000 1618.415000 1618.813000 1619.133000 1619.371000
1618.975000 1619.502000 1619.958000 1620.331000 1620.619000 1620.825000 1620.952000 1621.003000 1620.984000 1620.897000 1620.749000 1620.541000 1620.267000 1619.925000 1619.507000 1619.019000 1618.469000 1617.870000 1617.233000 1616.571000 1615.899000 1615.231000 1614.580000 1613.954000 1613.356000 1612.792000 1612.269000 1611.798000 1611.394000 1611.071000 1610.847000 1610.748000 1610.801000 1611.032000 1611.447000 1612.037000 1612.792000 1613.693000 1614.647000 1615.526000 1616.198000 1616.571000 1616.722000 1616.772000 1616.848000 1617.034000 1617.309000 1617.668000 1618.095000 1618.554000 1619.003000 1619.401000 1619.716000 1619.941000
1618.452000 1618.985000 1619.462000 1619.870000 1620.204000 1620.457000 1620.625000 1620.706000 1620.702000 1620.620000 1620.466000 1620.243000 1619.955000 1619.601000 1619.184000 1618.708000 1618.185000 1617.623000 1617.035000 1616.429000 1615.816000 1615.205000 1614.605000 1614.023000 1613.461000 1612.923000 1612.414000 1611.945000 1611.527000 1611.173000 1610.907000 1610.774000 1610.822000 1611.098000 1611.622000 1612.388000 1613.390000 1614.611000 1615.907000 1617.071000 1617.896000 1618.234000 1618.211000 1618.026000 1617.877000 1617.893000 1618.063000 1618.364000 1618.752000 1619.189000 1619.630000 1620.022000 1620.323000 1620.529000
1617.978000 1618.508000 1618.992000 1619.420000 1619.780000 1620.063000 1620.260000 1620.363000 1620.378000 1620.309000 1620.165000 1619.951000 1619.671000 1619.330000 1618.933000 1618.486000 1617.998000 1617.478000 1616.934000 1616.374000 1615.806000 1615.237000 1614.676000 1614.124000 1613.585000 1613.059000 1612.551000 1612.069000 1611.624000 1611.224000 1610.900000 1610.720000 1610.754000 1611.076000 1611.721000 1612.690000 1613.990000 1615.613000 1617.353000 1618.901000 1619.942000 1620.252000 1620.022000 1619.552000 1619.127000 1618.937000 1618.969000 1619.177000 1619.484000 1619.870000 1620.289000 1620.665000 1620.947000 1621.126000
