WOC_0.grd
DSAA
121 89
1000 13000
1000 9800
1599.153564 1639.750732
[rows 48 to 71 of 89, columns 54 to 107 of 121]
1617.563000 1618.083000 1618.569000 1619.006000 1619.382000 1619.685000 1619.904000 1620.029000 1620.064000 1620.016000 1619.891000 1619.697000 1619.439000 1619.124000 1618.757000 1618.344000 1617.893000 1617.411000 1616.905000 1616.383000 1615.850000 1615.314000 1614.779000 1614.249000 1613.723000 1613.200000 1612.683000 1612.179000 1611.696000 1611.239000 1610.844000 1610.596000 1610.597000 1610.957000 1611.726000 1612.904000 1614.533000 1616.653000 1618.983000 1621.075000 1622.437000 1622.714000 1622.210000 1621.386000 1620.629000 1620.185000 1620.017000 1620.069000 1620.273000 1620.588000 1620.968000 1621.322000 1621.578000 1621.723000
1617.213000 1617.724000 1618.208000 1618.652000 1619.040000 1619.360000 1619.599000 1619.746000 1619.804000 1619.780000 1619.680000 1619.512000 1619.281000 1618.993000 1618.655000 1618.272000 1617.852000 1617.401000 1616.926000 1616.433000 1615.927000 1615.415000 1614.901000 1614.385000 1613.865000 1613.339000 1612.808000 1612.279000 1611.757000 1611.243000 1610.774000 1610.452000 1610.406000 1610.788000 1611.664000 1613.029000 1614.989000 1617.676000 1620.731000 1623.524000 1625.316000 1625.558000 1624.724000 1623.501000 1622.377000 1621.643000 1621.229000 1621.060000 1621.112000 1621.335000 1621.660000 1621.983000 1622.206000 1622.308000
1616.939000 1617.442000 1617.925000 1618.373000 1618.773000 1619.109000 1619.368000 1619.537000 1619.621000 1619.624000 1619.552000 1619.411000 1619.207000 1618.944000 1618.628000 1618.264000 1617.861000 1617.427000 1616.971000 1616.498000 1616.012000 1615.517000 1615.016000 1614.509000 1613.992000 1613.462000 1612.920000 1612.374000 1611.828000 1611.281000 1610.771000 1610.413000 1610.362000 1610.751000 1611.667000 1613.149000 1615.386000 1618.612000 1622.377000 1625.881000 1628.142000 1628.383000 1627.274000 1625.727000 1624.293000 1623.286000 1622.612000 1622.189000 1622.029000 1622.128000 1622.372000 1622.644000 1622.817000 1622.861000
1616.752000 1617.249000 1617.732000 1618.187000 1618.598000 1618.950000 1619.229000 1619.423000 1619.534000 1619.565000 1619.522000 1619.410000 1619.229000 1618.983000 1618.675000 1618.311000 1617.904000 1617.468000 1617.016000 1616.552000 1616.078000 1615.594000 1615.101000 1614.597000 1614.081000 1613.552000 1613.010000 1612.466000 1611.928000 1611.397000 1610.912000 1610.590000 1610.583000 1610.992000 1611.920000 1613.447000 1615.847000 1619.417000 1623.638000 1627.630000 1630.272000 1630.621000 1629.465000 1627.827000 1626.257000 1625.062000 1624.151000 1623.464000 1623.074000 1622.988000 1623.104000 1623.294000 1623.396000 1623.364000
1616.662000 1617.156000 1617.643000 1618.106000 1618.531000 1618.902000 1619.203000 1619.423000 1619.562000 1619.623000 1619.608000 1619.520000 1619.357000 1619.116000 1618.796000 1618.406000 1617.968000 1617.504000 1617.036000 1616.570000 1616.100000 1615.622000 1615.130000 1614.627000 1614.113000 1613.592000 1613.068000 1612.558000 1612.077000 1611.631000 1611.263000 1611.070000 1611.170000 1611.674000 1612.675000 1614.252000 1616.646000 1620.100000 1624.175000 1628.108000 1630.856000 1631.544000 1630.799000 1629.491000 1628.099000 1626.894000 1625.814000 1624.857000 1624.208000 1623.904000 1623.846000 1623.919000 1623.925000 1623.796000
1616.667000 1617.163000 1617.656000 1618.130000 1618.571000 1618.962000 1619.288000 1619.536000 1619.704000 1619.795000 1619.808000 1619.744000 1619.593000 1619.347000 1618.998000 1618.558000 1618.061000 1617.545000 1617.043000 1616.561000 1616.086000 1615.604000 1615.105000 1614.592000 1614.077000 1613.569000 1613.083000 1612.639000 1612.261000 1611.967000 1611.797000 1611.825000 1612.133000 1612.803000 1613.910000 1615.520000 1617.722000 1620.580000 1623.884000 1627.235000 1629.885000 1631.158000 1631.283000 1630.708000 1629.781000 1628.735000 1627.560000 1626.339000 1625.395000 1624.845000 1624.580000 1624.499000 1624.381000 1624.135000
1616.755000 1617.254000 1617.755000 1618.241000 1618.698000 1619.109000 1619.459000 1619.734000 1619.933000 1620.055000 1620.100000 1620.063000 1619.928000 1619.676000 1619.293000 1618.791000 1618.220000 1617.634000 1617.081000 1616.568000 1616.075000 1615.576000 1615.049000 1614.507000 1613.975000 1613.476000 1613.034000 1612.677000 1612.430000 1612.321000 1612.382000 1612.660000 1613.202000 1614.052000 1615.250000 1616.827000 1618.694000 1620.710000 1622.969000 1625.604000 1628.221000 1630.278000 1631.508000 1631.820000 1631.430000 1630.584000 1629.346000 1627.886000 1626.627000 1625.789000 1625.290000 1625.013000 1624.739000 1624.357000
1616.912000 1617.415000 1617.922000 1618.418000 1618.888000 1619.316000 1619.688000 1619.991000 1620.221000 1620.378000 1620.461000 1620.461000 1620.351000 1620.105000 1619.693000 1619.127000 1618.459000 1617.758000 1617.103000 1616.526000 1616.023000 1615.532000 1614.978000 1614.385000 1613.810000 1613.301000 1612.900000 1612.635000 1612.531000 1612.611000 1612.898000 1613.410000 1614.164000 1615.177000 1616.456000 1617.985000 1619.536000 1620.817000 1622.192000 1624.259000 1626.927000 1629.718000 1631.928000 1633.006000 1633.080000 1632.403000 1631.120000 1629.477000 1627.934000 1626.777000 1625.990000 1625.467000 1624.992000 1624.447000
1617.123000 1617.628000 1618.138000 1618.640000 1619.119000 1619.561000 1619.953000 1620.281000 1620.543000 1620.740000 1620.870000 1620.921000 1620.856000 1620.633000 1620.213000 1619.584000 1618.773000 1617.866000 1616.998000 1616.290000 1615.826000 1615.443000 1614.901000 1614.239000 1613.588000 1613.040000 1612.665000 1612.485000 1612.516000 1612.771000 1613.254000 1613.960000 1614.890000 1616.046000 1617.423000 1618.986000 1620.480000 1621.580000 1622.703000 1624.549000 1627.169000 1630.201000 1632.821000 1634.315000 1634.692000 1634.130000 1632.836000 1631.102000 1629.355000 1627.874000 1626.723000 1625.889000 1625.160000 1624.401000
1617.379000 1617.880000 1618.389000 1618.893000 1619.379000 1619.834000 1620.245000 1620.602000 1620.904000 1621.148000 1621.337000 1621.454000 1621.451000 1621.276000 1620.879000 1620.211000 1619.237000 1618.050000 1616.857000 1615.945000 1615.568000 1615.386000 1614.890000 1614.143000 1613.385000 1612.772000 1612.409000 1612.306000 1612.459000 1612.860000 1613.495000 1614.344000 1615.400000 1616.666000 1618.151000 1619.854000 1621.558000 1622.964000 1624.344000 1626.202000 1628.627000 1631.430000 1633.943000 1635.539000 1636.121000 1635.747000 1634.571000 1632.841000 1630.934000 1629.128000 1627.565000 1626.336000 1625.311000 1624.295000
1617.670000 1618.160000 1618.663000 1619.167000 1619.660000 1620.133000 1620.573000 1620.973000 1621.327000 1621.635000 1621.893000 1622.084000 1622.155000 1622.054000 1621.728000 1621.085000 1620.001000 1618.547000 1616.936000 1615.733000 1615.482000 1615.527000 1615.065000 1614.209000 1613.326000 1612.645000 1612.298000 1612.259000 1612.506000 1613.021000 1613.767000 1614.695000 1615.810000 1617.128000 1618.706000 1620.613000 1622.645000 1624.452000 1626.111000 1627.926000 1630.053000 1632.482000 1634.726000 1636.303000 1637.152000 1637.245000 1636.447000 1634.801000 1632.693000 1630.491000 1628.495000 1626.863000 1625.537000 1624.302000
1617.990000 1618.455000 1618.946000 1619.450000 1619.956000 1620.457000 1620.944000 1621.408000 1621.840000 1622.230000 1622.570000 1622.838000 1622.991000 1622.991000 1622.807000 1622.341000 1621.420000 1620.012000 1618.188000 1616.666000 1616.249000 1616.187000 1615.570000 1614.549000 1613.557000 1612.846000 1612.519000 1612.519000 1612.821000 1613.393000 1614.178000 1615.128000 1616.228000 1617.511000 1619.099000 1621.125000 1623.396000 1625.492000 1627.254000 1628.926000 1630.753000 1632.848000 1634.856000 1636.426000 1637.653000 1638.478000 1638.281000 1636.788000 1634.451000 1631.794000 1629.326000 1627.294000 1625.673000 1624.266000
1618.327000 1618.753000 1619.224000 1619.728000 1620.257000 1620.802000 1621.358000 1621.916000 1622.455000 1622.951000 1623.382000 1623.724000 1623.958000 1624.087000 1624.144000 1624.096000 1623.803000 1622.943000 1621.397000 1619.650000 1618.476000 1617.637000 1616.521000 1615.259000 1614.204000 1613.480000 1613.163000 1613.200000 1613.523000 1614.073000 1614.804000 1615.688000 1616.703000 1617.868000 1619.321000 1621.215000 1623.398000 1625.493000 1627.213000 1628.758000 1630.399000 1632.298000 1634.190000 1635.841000 1637.528000 1639.174000 1639.670000 1638.397000 1635.881000 1632.819000 1629.938000 1627.578000 1625.699000 1624.176000
1618.670000 1619.037000 1619.476000 1619.977000 1620.530000 1621.130000 1621.774000 1622.448000 1623.115000 1623.730000 1624.249000 1624.646000 1624.942000 1625.213000 1625.613000 1626.190000 1626.710000 1626.221000 1624.965000 1623.161000 1621.176000 1619.424000 1617.760000 1616.297000 1615.211000 1614.494000 1614.190000 1614.244000 1614.534000 1615.003000 1615.620000 1616.365000 1617.228000 1618.212000 1619.417000 1620.997000 1622.813000 1624.601000 1626.212000 1627.687000 1629.232000 1631.021000 1632.862000 1634.610000 1636.606000 1638.757000 1639.751000 1638.804000 1636.396000 1633.253000 1630.215000 1627.710000 1625.752000 1624.266000
1619.002000 1619.290000 1619.678000 1620.163000 1620.737000 1621.396000 1622.135000 1622.936000 1623.739000 1624.470000 1625.057000 1625.472000 1625.784000 1626.181000 1627.005000 1628.323000 1629.729000 1629.860000 1628.416000 1625.899000 1623.226000 1620.986000 1619.070000 1617.554000 1616.484000 1615.809000 1615.513000 1615.509000 1615.708000 1616.060000 1616.537000 1617.123000 1617.809000 1618.583000 1619.495000 1620.699000 1622.096000 1623.501000 1624.872000 1626.219000 1627.671000 1629.344000 1631.107000 1632.855000 1634.793000 1636.803000 1637.875000 1637.371000 1635.518000 1632.828000 1630.042000 1627.625000 1625.747000 1624.400000
1619.308000 1619.494000 1619.806000 1620.255000 1620.840000 1621.552000 1622.384000 1623.313000 1624.247000 1625.077000 1625.696000 1626.070000 1626.328000 1626.783000 1627.990000 1629.994000 1632.660000 1634.541000 1632.151000 1627.931000 1624.751000 1622.388000 1620.472000 1619.020000 1617.994000 1617.330000 1616.964000 1616.839000 1616.905000 1617.116000 1617.438000 1617.858000 1618.367000 1618.955000 1619.630000 1620.477000 1621.470000 1622.498000 1623.574000 1624.730000 1626.031000 1627.530000 1629.136000 1630.759000 1632.422000 1633.991000 1634.922000 1634.818000 1633.645000 1631.645000 1629.362000 1627.240000 1625.582000 1624.439000
1619.557000 1619.619000 1619.826000 1620.216000 1620.793000 1621.544000 1622.457000 1623.498000 1624.542000 1625.441000 1626.047000 1626.318000 1626.445000 1626.850000 1628.247000 1630.653000 1634.539000 1638.353000 1634.683000 1629.084000 1626.017000 1623.829000 1622.091000 1620.710000 1619.652000 1618.890000 1618.384000 1618.103000 1618.014000 1618.068000 1618.232000 1618.490000 1618.833000 1619.251000 1619.749000 1620.367000 1621.039000 1621.745000 1622.548000 1623.469000 1624.539000 1625.783000 1627.136000 1628.519000 1629.876000 1631.089000 1631.876000 1631.995000 1631.307000 1629.913000 1628.195000 1626.522000 1625.209000 1624.322000
1619.666000 1619.597000 1619.680000 1619.990000 1620.535000 1621.297000 1622.257000 1623.371000 1624.484000 1625.413000 1625.976000 1626.125000 1626.099000 1626.353000 1627.594000 1629.778000 1632.617000 1634.828000 1632.287000 1628.816000 1626.848000 1625.140000 1623.629000 1622.309000 1621.196000 1620.313000 1619.664000 1619.233000 1618.989000 1618.890000 1618.902000 1619.010000 1619.203000 1619.466000 1619.797000 1620.218000 1620.675000 1621.148000 1621.722000 1622.412000 1623.228000 1624.185000 1625.235000 1626.314000 1627.361000 1628.283000 1628.924000 1629.129000 1628.770000 1627.888000 1626.743000 1625.596000 1624.691000 1624.080000
1619.544000 1619.351000 1619.307000 1619.518000 1620.001000 1620.732000 1621.684000 1622.804000 1623.923000 1624.838000 1625.350000 1625.406000 1625.270000 1625.330000 1626.089000 1627.528000 1628.998000 1629.628000 1628.876000 1627.981000 1627.144000 1625.986000 1624.719000 1623.509000 1622.402000 1621.457000 1620.717000 1620.173000 1619.800000 1619.567000 1619.446000 1619.423000 1619.484000 1619.610000 1619.787000 1620.019000 1620.284000 1620.598000 1621.006000 1621.509000 1622.104000 1622.796000 1623.552000 1624.326000 1625.068000 1625.718000 1626.194000 1626.411000 1626.293000 1625.857000 1625.248000 1624.618000 1624.111000 1623.762000
1619.100000 1618.807000 1618.642000 1618.742000 1619.128000 1619.771000 1620.639000 1621.676000 1622.718000 1623.571000 1624.042000 1624.082000 1623.941000 1623.908000 1624.263000 1625.048000 1625.906000 1626.517000 1626.916000 1627.264000 1626.996000 1626.196000 1625.213000 1624.178000 1623.156000 1622.232000 1621.471000 1620.870000 1620.414000 1620.085000 1619.866000 1619.741000 1619.695000 1619.709000 1619.761000 1619.833000 1619.933000 1620.117000 1620.403000 1620.763000 1621.190000 1621.679000 1622.207000 1622.742000 1623.244000 1623.675000 1624.002000 1624.198000 1624.243000 1624.147000 1623.960000 1623.741000 1623.553000 1623.414000
1618.299000 1617.938000 1617.673000 1617.658000 1617.917000 1618.419000 1619.130000 1619.998000 1620.886000 1621.636000 1622.089000 1622.205000 1622.183000 1622.225000 1622.485000 1623.030000 1623.772000 1624.663000 1625.563000 1626.186000 1626.212000 1625.786000 1625.113000 1624.305000 1623.444000 1622.621000 1621.907000 1621.309000 1620.824000 1620.446000 1620.167000 1619.975000 1619.853000 1619.783000 1619.744000 1619.712000 1619.701000 1619.765000 1619.939000 1620.189000 1620.498000 1620.860000 1621.252000 1621.646000 1622.003000 1622.291000 1622.508000 1622.668000 1622.804000 1622.926000 1623.010000 1623.052000 1623.069000 1623.068000
1617.201000 1616.802000 1616.467000 1616.350000 1616.477000 1616.818000 1617.340000 1618.000000 1618.702000 1619.335000 1619.791000 1620.037000 1620.205000 1620.418000 1620.754000 1621.304000 1622.142000 1623.153000 1624.146000 1624.858000 1625.133000 1625.015000 1624.624000 1624.053000 1623.386000 1622.709000 1622.086000 1621.534000 1621.061000 1620.672000 1620.367000 1620.136000 1619.964000 1619.838000 1619.738000 1619.647000 1619.576000 1619.564000 1619.650000 1619.807000 1620.020000 1620.295000 1620.619000 1620.957000 1621.254000 1621.460000 1621.563000 1621.641000 1621.828000 1622.094000 1622.336000 1622.521000 1622.652000 1622.735000
1615.863000 1615.461000 1615.098000 1614.912000 1614.928000 1615.122000 1615.468000 1615.934000 1616.466000 1616.999000 1617.472000 1617.861000 1618.232000 1618.639000 1619.113000 1619.756000 1620.670000 1621.748000 1622.776000 1623.563000 1623.999000 1624.101000 1623.938000 1623.584000 1623.110000 1622.588000 1622.075000 1621.595000 1621.161000 1620.788000 1620.483000 1620.236000 1620.037000 1619.876000 1619.741000 1619.624000 1619.529000 1619.475000 1619.488000 1619.576000 1619.712000 1619.925000 1620.208000 1620.545000 1620.853000 1621.040000 1621.010000 1620.877000 1621.163000 1621.544000 1621.863000 1622.112000 1622.295000 1622.422000
1614.334000 1613.977000 1613.640000 1613.436000 1613.389000 1613.484000 1613.709000 1614.046000 1614.469000 1614.947000 1615.447000 1615.954000 1616.491000 1617.071000 1617.707000 1618.466000 1619.442000 1620.557000 1621.599000 1622.414000 1622.945000 1623.199000 1623.211000 1623.033000 1622.725000 1622.344000 1621.941000 1621.539000 1621.159000 1620.819000 1620.530000 1620.285000 1620.078000 1619.901000 1619.750000 1619.622000 1619.519000 1619.447000 1619.419000 1619.452000 1619.552000 1619.719000 1619.956000 1620.250000 1620.518000 1620.667000 1620.633000 1620.559000 1620.824000 1621.200000 1621.526000 1621.788000 1621.989000 1622.135000
