WOC_0.grd
DSAA
121 89
1000 13000
1000 9800
1599.153564 1639.750732
[rows 24 to 47 of 89, columns 0 to 53 of 121]
1604.037000 1604.025000 1604.019000 1604.020000 1604.026000 1604.039000 1604.057000 1604.080000 1604.108000 1604.141000 1604.176000 1604.212000 1604.249000 1604.285000 1604.318000 1604.349000 1604.376000 1604.402000 1604.432000 1604.466000 1604.509000 1604.563000 1604.630000 1604.714000 1604.819000 1604.949000 1605.109000 1605.302000 1605.534000 1605.808000 1606.129000 1606.500000 1606.920000 1607.390000 1607.909000 1608.477000 1609.091000 1609.752000 1610.457000 1611.199000 1611.969000 1612.757000 1613.557000 1614.365000 1615.183000 1616.030000 1616.946000 1617.989000 1619.172000 1620.511000 1622.003000 1623.588000 1625.198000 1626.757000
1603.901000 1603.886000 1603.879000 1603.877000 1603.881000 1603.892000 1603.908000 1603.929000 1603.956000 1603.986000 1604.019000 1604.052000 1604.084000 1604.115000 1604.141000 1604.162000 1604.178000 1604.192000 1604.206000 1604.223000 1604.246000 1604.279000 1604.323000 1604.383000 1604.461000 1604.564000 1604.696000 1604.861000 1605.065000 1605.312000 1605.607000 1605.953000 1606.351000 1606.802000 1607.305000 1607.861000 1608.470000 1609.133000 1609.849000 1610.613000 1611.417000 1612.256000 1613.128000 1614.025000 1614.945000 1615.924000 1617.022000 1618.282000 1619.722000 1621.351000 1623.146000 1625.035000 1626.911000 1628.635000
1603.769000 1603.752000 1603.743000 1603.739000 1603.742000 1603.751000 1603.765000 1603.786000 1603.811000 1603.840000 1603.871000 1603.902000 1603.931000 1603.957000 1603.976000 1603.989000 1603.994000 1603.994000 1603.993000 1603.992000 1603.996000 1604.006000 1604.026000 1604.059000 1604.110000 1604.183000 1604.285000 1604.420000 1604.593000 1604.811000 1605.077000 1605.395000 1605.768000 1606.195000 1606.678000 1607.219000 1607.820000 1608.483000 1609.212000 1610.002000 1610.849000 1611.754000 1612.719000 1613.736000 1614.791000 1615.930000 1617.232000 1618.727000 1620.436000 1622.368000 1624.488000 1626.698000 1628.812000 1630.567000
1603.641000 1603.623000 1603.612000 1603.607000 1603.609000 1603.617000 1603.631000 1603.651000 1603.676000 1603.705000 1603.735000 1603.765000 1603.792000 1603.813000 1603.827000 1603.832000 1603.826000 1603.814000 1603.797000 1603.779000 1603.762000 1603.749000 1603.743000 1603.748000 1603.769000 1603.811000 1603.880000 1603.982000 1604.122000 1604.306000 1604.539000 1604.826000 1605.168000 1605.568000 1606.026000 1606.547000 1607.137000 1607.800000 1608.542000 1609.363000 1610.263000 1611.247000 1612.317000 1613.460000 1614.664000 1615.974000 1617.494000 1619.239000 1621.217000 1623.434000 1625.844000 1628.313000 1630.577000 1632.247000
1603.518000 1603.499000 1603.487000 1603.481000 1603.483000 1603.491000 1603.505000 1603.526000 1603.552000 1603.582000 1603.613000 1603.642000 1603.668000 1603.686000 1603.696000 1603.694000 1603.679000 1603.655000 1603.623000 1603.587000 1603.549000 1603.512000 1603.480000 1603.455000 1603.444000 1603.452000 1603.485000 1603.551000 1603.654000 1603.800000 1603.996000 1604.245000 1604.551000 1604.916000 1605.344000 1605.840000 1606.413000 1607.073000 1607.830000 1608.689000 1609.651000 1610.720000 1611.891000 1613.142000 1614.479000 1615.978000 1617.730000 1619.731000 1621.959000 1624.399000 1626.982000 1629.556000 1631.822000 1633.337000
1603.401000 1603.381000 1603.368000 1603.363000 1603.365000 1603.373000 1603.389000 1603.411000 1603.439000 1603.472000 1603.505000 1603.535000 1603.561000 1603.579000 1603.586000 1603.579000 1603.557000 1603.522000 1603.477000 1603.423000 1603.364000 1603.302000 1603.241000 1603.185000 1603.139000 1603.110000 1603.105000 1603.130000 1603.191000 1603.294000 1603.445000 1603.650000 1603.911000 1604.235000 1604.625000 1605.089000 1605.642000 1606.297000 1607.069000 1607.967000 1608.998000 1610.153000 1611.410000 1612.752000 1614.221000 1615.903000 1617.889000 1620.129000 1622.552000 1625.096000 1627.680000 1630.185000 1632.332000 1633.682000
1603.289000 1603.269000 1603.256000 1603.252000 1603.255000 1603.265000 1603.283000 1603.308000 1603.340000 1603.375000 1603.411000 1603.445000 1603.473000 1603.492000 1603.498000 1603.488000 1603.460000 1603.417000 1603.359000 1603.289000 1603.209000 1603.122000 1603.033000 1602.943000 1602.861000 1602.793000 1602.746000 1602.728000 1602.743000 1602.799000 1602.900000 1603.053000 1603.264000 1603.538000 1603.882000 1604.308000 1604.834000 1605.480000 1606.266000 1607.204000 1608.302000 1609.533000 1610.867000 1612.291000 1613.873000 1615.728000 1617.935000 1620.378000 1622.917000 1625.427000 1627.831000 1630.120000 1632.081000 1633.285000
1603.183000 1603.163000 1603.151000 1603.148000 1603.153000 1603.166000 1603.187000 1603.215000 1603.251000 1603.291000 1603.332000 1603.370000 1603.401000 1603.422000 1603.429000 1603.417000 1603.386000 1603.337000 1603.269000 1603.184000 1603.085000 1602.974000 1602.857000 1602.738000 1602.622000 1602.518000 1602.432000 1602.371000 1602.343000 1602.352000 1602.405000 1602.506000 1602.663000 1602.883000 1603.177000 1603.560000 1604.054000 1604.685000 1605.478000 1606.447000 1607.594000 1608.885000 1610.276000 1611.774000 1613.465000 1615.477000 1617.865000 1620.460000 1623.061000 1625.484000 1627.653000 1629.666000 1631.385000 1632.418000
1603.082000 1603.063000 1603.053000 1603.051000 1603.059000 1603.074000 1603.099000 1603.132000 1603.172000 1603.218000 1603.264000 1603.307000 1603.342000 1603.366000 1603.375000 1603.364000 1603.330000 1603.276000 1603.200000 1603.104000 1602.989000 1602.859000 1602.719000 1602.575000 1602.434000 1602.301000 1602.184000 1602.089000 1602.025000 1601.997000 1602.009000 1602.066000 1602.173000 1602.341000 1602.584000 1602.922000 1603.380000 1603.990000 1604.781000 1605.761000 1606.938000 1608.269000 1609.699000 1611.263000 1613.052000 1615.179000 1617.679000 1620.353000 1622.972000 1625.319000 1627.308000 1629.056000 1630.487000 1631.305000
1602.987000 1602.969000 1602.960000 1602.961000 1602.971000 1602.990000 1603.018000 1603.056000 1603.102000 1603.152000 1603.204000 1603.252000 1603.293000 1603.321000 1603.332000 1603.322000 1603.288000 1603.231000 1603.151000 1603.046000 1602.919000 1602.774000 1602.618000 1602.461000 1602.307000 1602.160000 1602.026000 1601.910000 1601.823000 1601.774000 1601.763000 1601.791000 1601.861000 1601.981000 1602.172000 1602.470000 1602.896000 1603.490000 1604.277000 1605.262000 1606.458000 1607.809000 1609.258000 1610.856000 1612.692000 1614.857000 1617.363000 1620.011000 1622.572000 1624.824000 1626.671000 1628.191000 1629.351000 1629.984000
1602.896000 1602.879000 1602.872000 1602.875000 1602.888000 1602.911000 1602.944000 1602.986000 1603.037000 1603.094000 1603.151000 1603.205000 1603.250000 1603.282000 1603.296000 1603.287000 1603.254000 1603.196000 1603.114000 1603.005000 1602.873000 1602.718000 1602.555000 1602.400000 1602.249000 1602.108000 1601.972000 1601.850000 1601.754000 1601.702000 1601.690000 1601.709000 1601.762000 1601.845000 1601.980000 1602.254000 1602.664000 1603.250000 1604.036000 1605.032000 1606.221000 1607.555000 1608.996000 1610.593000 1612.414000 1614.525000 1616.926000 1619.433000 1621.839000 1623.949000 1625.660000 1627.004000 1627.972000 1628.505000
1602.811000 1602.795000 1602.790000 1602.795000 1602.811000 1602.838000 1602.874000 1602.921000 1602.977000 1603.039000 1603.102000 1603.161000 1603.210000 1603.246000 1603.262000 1603.254000 1603.222000 1603.165000 1603.080000 1602.973000 1602.841000 1602.694000 1602.543000 1602.403000 1602.273000 1602.153000 1602.038000 1601.932000 1601.845000 1601.800000 1601.787000 1601.798000 1601.838000 1601.905000 1602.022000 1602.280000 1602.683000 1603.258000 1604.042000 1605.025000 1606.180000 1607.475000 1608.889000 1610.452000 1612.209000 1614.201000 1616.414000 1618.687000 1620.849000 1622.766000 1624.349000 1625.579000 1626.449000 1626.969000
1602.730000 1602.715000 1602.712000 1602.720000 1602.739000 1602.768000 1602.809000 1602.860000 1602.920000 1602.987000 1603.054000 1603.117000 1603.170000 1603.208000 1603.225000 1603.219000 1603.187000 1603.131000 1603.051000 1602.948000 1602.829000 1602.705000 1602.585000 1602.481000 1602.393000 1602.317000 1602.247000 1602.184000 1602.134000 1602.102000 1602.087000 1602.088000 1602.113000 1602.179000 1602.318000 1602.570000 1602.962000 1603.521000 1604.272000 1605.211000 1606.311000 1607.550000 1608.910000 1610.407000 1612.067000 1613.904000 1615.892000 1617.888000 1619.763000 1621.460000 1622.924000 1624.089000 1624.936000 1625.502000
1602.654000 1602.640000 1602.639000 1602.648000 1602.670000 1602.702000 1602.746000 1602.800000 1602.865000 1602.934000 1603.005000 1603.070000 1603.125000 1603.163000 1603.181000 1603.177000 1603.149000 1603.099000 1603.028000 1602.941000 1602.846000 1602.758000 1602.688000 1602.648000 1602.632000 1602.631000 1602.636000 1602.639000 1602.641000 1602.645000 1602.649000 1602.657000 1602.686000 1602.756000 1602.896000 1603.132000 1603.495000 1604.011000 1604.704000 1605.573000 1606.596000 1607.755000 1609.034000 1610.440000 1611.983000 1613.661000 1615.438000 1617.188000 1618.816000 1620.323000 1621.678000 1622.791000 1623.633000 1624.244000
1602.582000 1602.569000 1602.569000 1602.580000 1602.604000 1602.639000 1602.685000 1602.742000 1602.809000 1602.881000 1602.953000 1603.020000 1603.074000 1603.112000 1603.131000 1603.129000 1603.109000 1603.069000 1603.015000 1602.952000 1602.895000 1602.860000 1602.864000 1602.919000 1603.015000 1603.128000 1603.238000 1603.328000 1603.396000 1603.447000 1603.484000 1603.514000 1603.554000 1603.623000 1603.744000 1603.943000 1604.249000 1604.693000 1605.303000 1606.079000 1607.004000 1608.061000 1609.238000 1610.534000 1611.950000 1613.478000 1615.080000 1616.646000 1618.102000 1619.465000 1620.718000 1621.771000 1622.593000 1623.224000
1602.515000 1602.502000 1602.502000 1602.515000 1602.540000 1602.577000 1602.625000 1602.684000 1602.752000 1602.826000 1602.899000 1602.966000 1603.019000 1603.056000 1603.075000 1603.079000 1603.067000 1603.042000 1603.009000 1602.978000 1602.970000 1603.007000 1603.114000 1603.308000 1603.563000 1603.836000 1604.082000 1604.268000 1604.400000 1604.490000 1604.552000 1604.600000 1604.647000 1604.708000 1604.795000 1604.935000 1605.163000 1605.514000 1606.021000 1606.689000 1607.501000 1608.443000 1609.502000 1610.675000 1611.958000 1613.344000 1614.799000 1616.234000 1617.580000 1618.836000 1619.982000 1620.957000 1621.745000 1622.376000
1602.451000 1602.438000 1602.439000 1602.452000 1602.478000 1602.516000 1602.565000 1602.625000 1602.694000 1602.768000 1602.842000 1602.909000 1602.962000 1602.998000 1603.014000 1603.026000 1603.027000 1603.018000 1603.008000 1603.015000 1603.067000 1603.197000 1603.441000 1603.825000 1604.298000 1604.782000 1605.195000 1605.479000 1605.651000 1605.748000 1605.807000 1605.854000 1605.896000 1605.935000 1605.975000 1606.039000 1606.170000 1606.412000 1606.805000 1607.356000 1608.050000 1608.872000 1609.806000 1610.848000 1611.996000 1613.241000 1614.562000 1615.887000 1617.151000 1618.318000 1619.358000 1620.254000 1621.004000 1621.630000
1602.391000 1602.378000 1602.378000 1602.391000 1602.417000 1602.454000 1602.504000 1602.564000 1602.633000 1602.708000 1602.782000 1602.849000 1602.903000 1602.944000 1602.970000 1602.982000 1602.988000 1602.992000 1603.008000 1603.057000 1603.178000 1603.421000 1603.840000 1604.468000 1605.225000 1605.976000 1606.587000 1606.958000 1607.131000 1607.181000 1607.188000 1607.203000 1607.218000 1607.222000 1607.202000 1607.177000 1607.199000 1607.323000 1607.599000 1608.035000 1608.614000 1609.318000 1610.129000 1611.042000 1612.052000 1613.154000 1614.331000 1615.529000 1616.691000 1617.765000 1618.723000 1619.562000 1620.291000 1620.919000
1602.334000 1602.320000 1602.318000 1602.330000 1602.355000 1602.392000 1602.441000 1602.500000 1602.568000 1602.643000 1602.717000 1602.785000 1602.841000 1602.887000 1602.921000 1602.934000 1602.943000 1602.959000 1602.998000 1603.086000 1603.275000 1603.636000 1604.240000 1605.135000 1606.205000 1607.261000 1608.092000 1608.546000 1608.686000 1608.633000 1608.534000 1608.480000 1608.452000 1608.413000 1608.334000 1608.227000 1608.150000 1608.167000 1608.340000 1608.677000 1609.157000 1609.756000 1610.455000 1611.244000 1612.120000 1613.078000 1614.106000 1615.162000 1616.200000 1617.179000 1618.070000 1618.874000 1619.593000 1620.230000
1602.281000 1602.264000 1602.261000 1602.271000 1602.293000 1602.328000 1602.374000 1602.432000 1602.499000 1602.572000 1602.646000 1602.714000 1602.771000 1602.821000 1602.857000 1602.872000 1602.883000 1602.907000 1602.961000 1603.078000 1603.321000 1603.779000 1604.542000 1605.673000 1607.033000 1608.388000 1609.449000 1609.990000 1610.080000 1609.881000 1609.631000 1609.484000 1609.401000 1609.324000 1609.205000 1609.047000 1608.909000 1608.859000 1608.965000 1609.237000 1609.646000 1610.164000 1610.766000 1611.444000 1612.196000 1613.018000 1613.903000 1614.819000 1615.736000 1616.619000 1617.448000 1618.219000 1618.929000 1619.573000
1602.230000 1602.210000 1602.204000 1602.210000 1602.230000 1602.261000 1602.304000 1602.359000 1602.423000 1602.495000 1602.568000 1602.635000 1602.692000 1602.739000 1602.773000 1602.791000 1602.804000 1602.827000 1602.885000 1603.011000 1603.277000 1603.788000 1604.646000 1605.926000 1607.481000 1609.053000 1610.291000 1610.907000 1610.961000 1610.641000 1610.261000 1610.029000 1609.896000 1609.792000 1609.661000 1609.501000 1609.363000 1609.311000 1609.411000 1609.667000 1610.046000 1610.516000 1611.047000 1611.632000 1612.275000 1612.976000 1613.732000 1614.523000 1615.326000 1616.120000 1616.888000 1617.621000 1618.313000 1618.957000
1602.182000 1602.159000 1602.148000 1602.150000 1602.164000 1602.191000 1602.229000 1602.280000 1602.341000 1602.409000 1602.480000 1602.547000 1602.604000 1602.647000 1602.672000 1602.692000 1602.702000 1602.715000 1602.758000 1602.867000 1603.117000 1603.617000 1604.478000 1605.780000 1607.378000 1609.012000 1610.312000 1610.970000 1611.031000 1610.682000 1610.260000 1609.988000 1609.824000 1609.708000 1609.601000 1609.500000 1609.441000 1609.472000 1609.640000 1609.942000 1610.342000 1610.801000 1611.288000 1611.802000 1612.354000 1612.951000 1613.599000 1614.283000 1614.989000 1615.700000 1616.406000 1617.095000 1617.759000 1618.389000
1602.138000 1602.110000 1602.094000 1602.090000 1602.098000 1602.118000 1602.151000 1602.195000 1602.251000 1602.316000 1602.384000 1602.449000 1602.507000 1602.550000 1602.573000 1602.584000 1602.583000 1602.574000 1602.587000 1602.656000 1602.856000 1603.295000 1604.081000 1605.293000 1606.796000 1608.341000 1609.585000 1610.243000 1610.352000 1610.074000 1609.701000 1609.436000 1609.261000 1609.152000 1609.107000 1609.132000 1609.236000 1609.433000 1609.737000 1610.130000 1610.580000 1611.049000 1611.508000 1611.965000 1612.437000 1612.946000 1613.501000 1614.095000 1614.717000 1615.355000 1615.998000 1616.639000 1617.267000 1617.875000
1602.098000 1602.063000 1602.041000 1602.031000 1602.032000 1602.045000 1602.070000 1602.108000 1602.157000 1602.216000 1602.279000 1602.342000 1602.400000 1602.445000 1602.471000 1602.475000 1602.451000 1602.411000 1602.382000 1602.396000 1602.524000 1602.866000 1603.523000 1604.569000 1605.875000 1607.216000 1608.310000 1608.931000 1609.113000 1608.978000 1608.724000 1608.496000 1608.318000 1608.220000 1608.269000 1608.487000 1608.848000 1609.307000 1609.808000 1610.318000 1610.824000 1611.302000 1611.733000 1612.133000 1612.532000 1612.959000 1613.434000 1613.952000 1614.502000 1615.074000 1615.659000 1616.249000 1616.838000 1617.417000
